3779.77244148
3907.86740148
3964.88886148
4150.96817148
4280.01076148
4466.09007148
4580.13300148
4695.15994148
4782.19197148
4929.26038148
5076.32879148
5177.37647148
5305.43505148
5406.48273148
5534.57769148
5649.60463148
5750.65231148
5897.72072148
6010.80478148
6111.85246148
6239.94742148
6370.98791148
6500.03050148
6629.07309148
6742.15715148
6889.22556148
7052.28889148
7165.37295148
7302.43186148
7415.51592148
7571.61703148
7668.66979148
7781.75385148
7944.81718148
8041.86994148
8112.90705148
8298.98636148
8412.07042148
8525.15448148
8622.20724148
8736.25017148
8833.30293148
8934.35061148
9065.39110148
9196.43159148
9327.47208148
9440.55614148
9577.61505148
9733.71616148
9804.75327148
9918.79620148
10055.8551115
10202.9235215
10316.0075815
10373.0290415
10504.0695315
10603.1379415
10702.2063515
10817.2332915
10918.2809715
11065.3493815
11228.4127115
11285.4341715
11382.4869315
11485.4961215
11572.5281515
11719.5965615
11816.6493215
11915.7177315
12078.7810615
12234.8821715
12362.9407515
12419.9622115
12533.0462715
12661.1048515
12775.1477815
12846.1848915
12947.2325715
13044.2853315
13157.3693915
13286.4119815
13387.4596615
13516.5022515
13629.5863115
