17

335 1576
73 193
326 253
185 101
27 205
156 290
266 149
90 42
271 19
221 122
189 81
106 170
216 49
241 31
59 240
210 124
280 295
64 20
180 256
91 304
267 145
135 93
88 265
18 310
235 222
292 179
186 326
279 89
15 148
24 132
247 143
180 271
98 262
210 153
311 248
236 51
110 59
94 145
60 257
44 16
121 328
286 109
55 197
38 328
77 88
98 63
79 195
136 139
125 257
270 90
53 330
37 128
111 137
48 236
229 254
284 178
216 232
107 68
167 56
118 18
94 152
83 28
47 18
122 65
215 86
237 69
6 87
246 317
156 45
260 19
173 313
46 185
156 92
288 204
211 190
255 263
229 159
271 277
4 317
126 65
259 309
8 194
32 275
137 120
100 208
130 137
160 93
137 201
312 300
25 22
10 322
216 253
288 218
260 144
177 332
150 212
227 153
251 252
142 125
126 70
74 40
320 307
28 124
157 85
313 207
262 175
268 207
52 172
96 143
313 312
203 153
224 98
247 314
93 198
30 130
201 61
274 157
129 243
76 17
243 205
54 183
187 111
10 57
182 166
27 285
191 75
297 147
126 270
261 25
248 152
128 157
274 148
161 270
204 164
187 100
173 73
216 298
19 265
222 256
278 91
48 189
310 29
171 313
266 95
129 282
77 143
245 195
84 199
105 222
107 238
179 237
289 112
236 281
146 100
154 36
30 313
237 235
74 223
81 82
98 156
154 87
101 177
54 233
168 295
223 17
69 303
270 21
94 313
258 110
167 104
23 146
228 106
90 87
74 269
238 199
21 104
283 11
197 28
226 51
100 179
196 324
258 291
43 142
245 70
66 293
72 217
90 280
236 271
129 54
169 322
315 303
209 299
71 16
128 319
275 64
150 42
119 217
103 78
123 11
270 116
185 233
49 103
221 317
201 316
112 316
84 261
34 247
293 224
131 221
85 211
33 309
179 274
16 208
169 291
63 241
140 228
216 269
307 246
71 113
172 98
222 118
31 298
102 301
31 227
1 308
112 76
331 298
295 245
227 214
24 286
287 26
35 117
146 48
183 85
281 213
147 179
150 76
8 32
191 154
314 134
117 184
216 50
84 233
323 253
181 199
39 233
42 232
189 135
288 70
72 245
109 176
292 45
207 146
283 127
177 155
286 216
233 250
19 214
335 254
215 67
221 227
316 108
135 258
106 37
159 277
165 262
24 133
302 50
120 121
157 119
14 85
134 329
201 319
153 219
285 281
71 130
56 116
232 128
311 110
217 39
90 149
241 295
123 180
228 281
72 155
81 274
34 331
209 173
323 270
90 15
297 162
82 148
45 32
31 93
156 118
71 75
91 194
135 64
123 280
281 97
150 301
85 273
142 317
275 306
78 293
239 148
296 310
290 34
274 168
257 299
190 108
56 215
286 78
125 254
250 263
91 163
242 13
138 263
104 54
231 237
286 151
328 105
110 108
320 163
250 44
151 214
210 260
158 124
107 250
142 271
188 89
243 262
253 275
229 300
104 76
267 255
141 335
56 175
222 49
135 316
14 38
195 99
110 284
114 300
167 314
9 277
320 88
306 39
315 258
26 230
82 11
331 130
170 179
223 330
225 191
200 288
92 56
94 332
117 32
163 52
104 43
62 313
54 23
55 330
241 71
227 331
83 206
187 124
208 210
282 239
318 172
229 164
159 242
108 205
142 39
54 305
38 95
114 228
122 164
74 114
150 25
163 111
308 329
330 218
294 283
81 180
147 116
259 37
8 302
245 212
175 249
274 17
113 63
21 158
186 264
301 183
235 51
312 222
257 120
282 96
289 242
309 255
244 178
232 210
124 178
205 68
299 131
102 131
178 166
87 209
17 298
294 277
228 25
68 21
145 142
110 29
310 254
94 187
153 305
46 115
174 164
126 189
221 300
189 199
317 334
136 294
67 100
33 308
220 81
106 248
308 294
317 16
306 332
189 86
335 152
232 172
332 260
247 332
321 61
90 185
200 147
128 261
130 57
89 299
235 324
218 148
162 210
98 43
135 260
30 106
288 74
326 91
271 307
213 290
319 258
235 172
94 172
331 330
332 84
221 311
278 294
282 173
18 214
3 13
211 238
140 146
98 219
263 163
124 126
327 315
312 112
133 14
286 83
127 213
311 121
301 67
325 242
17 193
229 252
189 9
250 9
270 257
2 89
241 183
122 79
75 296
4 305
78 216
61 160
142 110
35 16
276 270
169 263
299 106
46 191
76 152
332 242
78 1
192 223
69 119
307 75
6 189
8 172
299 264
35 136
173 62
221 258
228 244
248 85
211 331
141 65
271 279
64 114
320 295
285 12
148 28
75 15
141 291
170 111
64 272
191 311
104 231
101 113
262 126
4 295
295 186
165 313
320 318
216 255
308 279
329 123
77 280
152 145
137 22
145 86
314 173
242 218
113 96
275 241
24 122
234 90
235 88
199 118
54 298
111 175
205 150
192 181
206 287
305 317
328 106
225 51
263 252
194 75
328 179
224 100
61 196
246 192
285 102
171 3
264 244
8 249
291 161
7 293
234 315
241 37
42 30
25 126
85 156
98 174
24 247
43 53
124 56
3 237
5 241
278 49
101 30
176 171
68 284
324 166
202 13
59 51
228 151
85 165
307 330
333 332
334 106
190 303
291 222
148 234
150 7
8 231
192 265
127 284
27 50
193 302
240 314
257 252
117 217
129 273
79 29
335 135
67 112
159 85
125 154
53 280
20 26
67 1
90 162
126 107
42 154
327 175
296 257
81 171
127 258
96 296
24 53
209 15
161 236
14 318
77 16
97 271
316 34
63 205
46 143
211 259
51 320
164 254
167 99
230 188
30 297
51 241
145 148
305 51
214 53
61 137
199 176
134 208
231 174
88 176
290 137
74 246
277 307
315 224
335 237
219 51
278 274
249 162
187 155
53 41
326 249
327 5
327 335
3 311
132 335
117 322
308 8
38 145
62 27
269 110
1 187
39 313
43 247
66 249
329 172
165 227
172 91
122 192
266 301
230 198
329 185
128 209
246 97
266 99
124 216
272 203
201 251
37 10
256 63
41 79
101 22
229 201
31 8
238 121
59 300
205 261
225 4
1 94
50 197
166 270
277 334
263 314
174 190
142 295
145 1
75 317
131 50
153 65
228 216
174 297
324 254
256 187
40 120
314 307
263 13
66 203
251 333
254 305
332 253
130 8
294 129
263 307
269 8
237 73
183 13
292 311
139 56
216 235
109 160
288 164
68 113
111 4
165 111
113 310
41 17
181 108
126 193
35 159
65 292
123 39
205 234
99 14
150 110
10 302
275 117
263 289
259 87
85 135
3 99
242 25
13 1
64 115
229 237
166 219
80 83
11 112
250 24
218 193
335 220
215 97
182 289
49 92
233 271
286 259
90 310
203 125
211 141
70 176
145 196
261 43
104 64
233 41
69 120
75 321
3 262
271 247
148 53
178 102
277 77
207 209
87 145
253 94
272 126
165 178
183 311
27 177
313 317
140 327
274 48
311 85
137 293
267 19
18 45
274 67
158 284
264 328
219 171
241 75
149 253
172 178
252 128
235 271
290 276
129 47
21 233
27 286
107 19
145 175
2 157
314 212
260 136
64 77
174 135
69 83
170 64
317 218
123 96
106 232
156 2
208 288
57 8
203 25
22 224
227 111
182 47
75 56
125 47
35 196
292 253
296 163
225 182
88 5
233 75
24 87
25 79
227 7
102 111
139 243
266 165
146 297
316 198
30 250
5 115
133 78
270 105
168 100
161 91
235 60
326 149
146 90
228 21
297 111
335 30
286 11
15 6
272 224
274 252
296 145
49 18
175 210
6 21
288 9
247 174
139 225
189 209
285 243
268 13
201 118
316 257
236 99
57 253
99 129
205 66
80 170
6 125
154 215
293 314
227 58
32 247
176 295
280 32
266 312
215 192
277 306
44 40
9 26
326 261
15 20
257 174
155 196
326 111
114 183
1 210
95 45
300 42
2 240
172 236
105 23
112 79
185 136
9 108
201 322
2 296
20 63
225 324
141 179
217 66
53 49
145 304
52 255
287 57
2 74
101 219
229 22
70 261
132 198
320 19
123 195
16 201
18 221
142 188
23 200
27 198
266 152
231 37
69 154
325 32
182 28
93 4
20 292
242 212
133 3
271 149
319 226
304 244
279 202
122 285
103 333
111 253
195 251
32 183
251 317
325 41
310 216
293 48
160 166
121 332
30 203
251 103
137 108
257 138
245 184
233 283
163 32
206 198
82 48
304 122
260 167
49 327
234 262
214 26
80 245
271 49
286 88
164 93
94 47
150 182
84 1
167 92
248 266
243 51
151 258
50 326
68 121
72 124
175 328
196 197
126 201
282 132
102 86
150 302
184 169
138 173
85 119
74 181
238 26
232 18
198 329
237 162
240 95
281 102
264 319
122 95
217 321
335 273
174 330
277 67
199 8
22 180
26 59
104 65
160 280
184 89
76 31
132 281
244 243
123 92
162 103
56 19
200 101
76 304
279 231
265 199
51 137
257 289
72 322
243 200
133 105
154 309
89 165
316 1
228 312
157 185
202 104
253 312
82 15
292 121
130 76
32 316
206 274
282 290
107 315
200 316
56 33
23 18
38 136
167 121
50 223
33 125
72 48
328 6
176 222
179 123
255 300
77 146
100 130
86 85
252 325
3 54
207 318
281 243
285 118
3 222
113 154
193 2
67 162
30 314
142 197
183 285
118 196
266 91
237 127
38 261
136 248
156 235
178 184
181 157
69 290
14 104
255 11
121 324
122 58
230 128
253 97
315 223
48 7
331 258
245 200
136 308
101 14
304 313
68 268
198 54
23 57
298 159
82 96
67 3
68 147
69 299
185 76
169 138
334 122
211 182
141 287
8 322
317 115
65 231
196 305
179 78
237 113
154 272
251 61
25 88
28 35
144 245
246 204
226 273
9 135
232 88
218 23
310 250
2 317
79 124
321 262
106 186
221 155
26 302
141 47
89 326
35 75
121 85
250 307
326 307
326 132
115 166
170 327
192 248
283 108
287 251
116 335
200 247
299 253
91 127
169 295
214 163
120 104
141 185
195 148
124 278
161 335
192 55
183 121
16 203
309 53
222 148
8 85
294 314
149 82
317 38
251 215
47 312
90 55
125 127
169 119
119 160
285 259
201 249
216 304
280 189
135 257
183 174
59 100
60 110
209 250
321 11
169 70
44 162
110 53
292 184
48 291
118 53
229 30
31 221
36 165
257 176
24 26
294 110
155 276
49 135
108 332
38 99
114 48
2 182
300 16
195 250
233 51
289 261
1 275
75 308
84 251
31 107
116 65
32 220
177 137
233 52
18 180
125 277
9 325
191 85
238 16
334 178
103 4
288 304
235 148
172 200
279 99
192 11
157 173
74 35
3 101
97 309
64 117
211 317
268 71
252 92
144 61
256 305
152 141
147 73
149 224
62 84
190 105
178 154
69 14
85 142
114 142
15 247
254 228
79 129
297 235
64 165
196 171
29 142
112 145
192 25
10 48
76 305
115 246
49 164
303 177
124 37
92 12
236 321
98 245
194 100
98 127
267 250
218 209
242 235
54 177
42 18
46 288
270 2
109 234
255 31
114 247
214 204
200 317
177 174
286 45
274 150
243 208
229 45
158 107
53 266
273 153
282 153
158 250
17 156
38 33
332 326
216 215
271 46
183 263
96 151
262 146
241 133
286 20
87 278
147 101
243 217
266 32
276 332
65 173
295 60
206 52
138 316
212 208
37 299
311 156
21 97
73 31
24 42
279 36
167 292
247 218
85 171
238 193
96 165
297 100
81 183
261 118
50 161
268 232
16 81
1 291
238 176
82 283
249 140
195 72
131 122
193 98
265 301
162 242
262 244
109 23
91 322
183 274
196 143
202 210
42 110
261 309
21 154
25 95
82 88
135 230
306 199
253 129
209 302
283 150
51 242
179 41
128 308
225 110
153 249
189 64
172 248
101 174
105 43
160 133
306 297
71 156
81 50
252 189
34 104
116 103
64 5
45 93
121 84
113 133
62 21
288 263
201 125
59 139
5 219
99 304
6 300
257 172
276 53
61 159
229 115
159 77
199 170
23 71
67 249
111 224
208 65
144 115
202 265
98 189
99 204
120 327
175 35
31 238
124 220
130 173
304 248
271 310
186 289
282 214
138 140
333 212
44 137
296 224
315 243
6 213
211 315
13 328
218 259
260 44
234 131
294 306
75 244
249 332
244 146
10 131
108 116
183 49
241 10
205 100
335 319
137 215
138 47
200 239
204 233
169 281
168 223
242 122
192 197
81 329
129 325
130 182
214 277
15 155
110 234
112 230
283 211
152 128
263 148
200 140
89 258
60 133
229 144
110 237
281 180
108 323
53 19
18 87
225 44
282 93
29 10
30 59
214 121
295 141
86 167
329 229
257 11
97 129
139 222
1 14
166 222
22 179
248 130
28 155
266 186
137 98
29 180
159 28
17 168
279 232
284 296
286 145
218 36
18 73
2 143
3 250
194 221
128 142
169 92
281 109
249 238
103 138
324 181
19 312
164 208
165 302
112 105
187 273
209 4
298 321
28 122
284 295
254 236
116 280
25 146
285 139
124 149
222 51
317 282
246 85
123 87
52 89
36 200
55 60
60 169
321 72
32 5
324 195
18 40
310 106
186 172
260 253
213 59
202 328
136 204
179 229
199 211
331 91
187 101
106 258
101 98
4 82
187 210
228 123
232 126
76 183
97 175
233 1
201 40
268 317
179 234
271 207
185 215
262 31
251 153
307 155
146 103
75 87
186 190
152 311
207 169
154 39
275 5
67 164
158 269
56 211
39 58
106 280
101 40
8 293
272 260
168 96
59 76
297 284
133 211
182 138
183 231
207 182
124 74
236 209
272 236
291 88
93 92
293 255
78 229
305 116
274 19
276 136
209 155
156 19
331 223
22 241
227 288
304 59
218 10
139 260
89 20
232 188
147 309
260 73
69 274
218 98
90 119
94 298
21 10
178 129
264 155
177 260
116 322
221 302
239 51
82 193
284 63
147 314
9 203
111 218
42 319
169 333
261 223
210 172
289 142
261 96
283 31
285 271
329 333
149 288
132 98
136 101

283 182
44 193
193 117
189 194
194 177
4 195
195 102
143 196
196 67
168 197
197 32
141 198
198 186
33 199
199 143
115 200
200 172
35 201
201 36
132 202
202 28
165 203
203 74
38 204
204 188
23 205
205 72
143 206
206 188
105 207
207 158
170 208
208 188
177 209
209 72
28 210
210 87
167 211
211 51
116 212
212 169
125 213
213 13
128 214
214 137
158 215
215 36
192 216
216 188
37 217
217 3
166 218
218 93
177 219
219 141
127 220
220 179
107 221
221 172
126 222
222 138
108 223
223 157
138 224
224 93
140 225
225 158
121 226
226 94
38 227
227 181
38 228
228 22
89 229
229 132
145 230
230 75
172 231
231 190
6 232
232 134
22 233
233 106
191 234
234 64
62 235
235 88
170 236
236 101
16 237
237 94
48 238
238 45
192 239
239 60
29 240
240 135
134 241
241 125
44 242
242 141
174 243
243 146
4 244
244 2
175 245
245 186
22 246
246 126
185 247
247 157
50 248
248 141
51 249
249 156
55 250
250 95
174 251
251 19
154 252
252 93
184 253
253 152
86 254
254 72
109 255
255 30
38 256
256 178
110 257
257 31
174 258
258 166
171 259
259 20
141 260
260 136
114 261
261 159
30 262
262 103
7 263
263 148
7 264
264 46
73 265
265 174
38 266
266 168
75 267
267 8
20 268
268 97
53 269
269 68
25 270
270 174
86 271
271 158
64 272
272 56
90 273
273 97
109 274
274 36
177 275
275 180
70 276
276 8
78 277
277 59
34 278
278 51
118 279
279 141
131 280
280 171
42 281
281 152
154 282
282 43
184 283
283 95

278 194
26 182
182 152
75 183
183 158
150 184
184 26
68 185
185 117
88 186
186 35
50 187
187 73
93 188
188 104
157 189
189 105
49 190
190 53
76 191
191 54
117 192
192 143
98 193
193 114
63 194
194 179
165 195
195 71
94 196
196 51
3 197
197 164
126 198
198 109
147 199
199 53
85 200
200 174
159 201
201 179
8 202
202 151
94 203
203 23
69 204
204 109
7 205
205 114
28 206
206 149
63 207
207 109
14 208
208 118
160 209
209 165
143 210
210 133
27 211
211 33
66 212
212 28
31 213
213 18
19 214
214 157
91 215
215 12
83 216
216 89
46 217
217 181
84 218
218 104
9 219
219 20
139 220
220 165
123 221
221 56
26 222
222 10
180 223
223 30
93 224
224 141
104 225
225 4
9 226
226 13
88 227
227 155
151 228
228 61
50 229
229 145
100 230
230 109
13 231
231 60
85 232
232 5
91 233
233 94
5 234
234 62
41 235
235 155
4 236
236 179
134 237
237 6
37 238
238 102
93 239
239 170
88 240
240 68
114 241
241 102
165 242
242 27
19 243
243 135
155 244
244 153
168 245
245 22
28 246
246 134
45 247
247 43
140 248
248 96
138 249
249 39
102 250
250 120
28 251
251 7
4 252
252 106
94 253
253 33
164 254
254 62
110 255
255 123
12 256
256 66
5 257
257 75
158 258
258 84
103 259
259 81
181 260
260 135
151 261
261 178
41 262
262 53
22 263
263 113
74 264
264 170
93 265
265 152
72 266
266 124
123 267
267 104
149 268
268 81
90 269
269 114
138 270
270 62
12 271
271 142
166 272
272 96
36 273
273 54
54 274
274 57
73 275
275 28
81 276
276 130
118 277
277 167
125 278
278 73

259 136
125 192
192 119
12 193
193 116
142 194
194 191
116 195
195 96
29 196
196 9
78 197
197 185
47 198
198 149
74 199
199 44
145 200
200 109
89 201
201 45
6 202
202 39
52 203
203 134
29 204
204 66
15 205
205 106
191 206
206 148
120 207
207 93
41 208
208 19
78 209
209 40
32 210
210 27
39 211
211 125
70 212
212 136
13 213
213 164
20 214
214 103
40 215
215 127
70 216
216 126
43 217
217 151
96 218
218 48
9 219
219 36
28 220
220 10
105 221
221 165
181 222
222 103
23 223
223 120
172 224
224 86
174 225
225 22
48 226
226 38
25 227
227 80
187 228
228 97
65 229
229 92
112 230
230 159
191 231
231 51
110 232
232 25
93 233
233 191
184 234
234 133
35 235
235 71
181 236
236 112
6 237
237 118
117 238
238 76
131 239
239 36
172 240
240 55
32 241
241 63
35 242
242 36
154 243
243 79
130 244
244 168
97 245
245 112
189 246
246 191
180 247
247 43
35 248
248 104
55 249
249 26
156 250
250 15
49 251
251 163
11 252
252 123
165 253
253 21
153 254
254 20
14 255
255 36
185 256
256 21
150 257
257 129
27 258
258 92
66 259
259 122

264 174
48 178
178 62
61 179
179 148
68 180
180 144
38 181
181 86
117 182
182 50
18 183
183 56
33 184
184 39
111 185
185 142
158 186
186 114
163 187
187 3
78 188
188 158
5 189
189 77
14 190
190 134
42 191
191 78
1 192
192 106
89 193
193 99
12 194
194 171
82 195
195 159
97 196
196 157
86 197
197 3
113 198
198 134
157 199
199 94
139 200
200 151
149 201
201 39
92 202
202 164
109 203
203 77
136 204
204 10
61 205
205 75
72 206
206 18
21 207
207 176
12 208
208 156
26 209
209 121
78 210
210 145
12 211
211 52
109 212
212 67
61 213
213 12
172 214
214 17
12 215
215 29
52 216
216 56
169 217
217 98
90 218
218 69
3 219
219 60
135 220
220 59
19 221
221 1
122 222
222 15
44 223
223 172
38 224
224 141
175 225
225 174
31 226
226 36
120 227
227 134
77 228
228 133
166 229
229 99
66 230
230 110
134 231
231 143
105 232
232 104
156 233
233 159
63 234
234 146
172 235
235 134
107 236
236 144
59 237
237 90
11 238
238 69
172 239
239 117
119 240
240 48
175 241
241 94
74 242
242 44
109 243
243 7
54 244
244 136
124 245
245 144
163 246
246 87
161 247
247 119
176 248
248 59
99 249
249 147
120 250
250 13
81 251
251 100
106 252
252 49
114 253
253 162
2 254
254 31
99 255
255 18
94 256
256 58
19 257
257 97
108 258
258 160
170 259
259 57
92 260
260 97
40 261
261 135
37 262
262 123
126 263
263 115
24 264
264 107

328 1769
201 303
44 217
28 288
67 306
120 328
71 141
3 328
187 39
31 126
118 278
318 291
32 77
290 320
185 110
260 181
157 16
73 91
237 269
75 254
79 85
324 313
222 242
318 236
112 200
199 40
278 2
322 265
303 126
253 21
151 186
35 152
274 214
65 302
11 310
87 240
90 148
308 195
253 129
110 83
75 31
244 288
279 308
192 198
48 123
313 284
9 59
84 150
213 315
287 110
40 212
130 183
205 28
139 175
103 246
89 246
78 325
189 147
245 54
231 12
124 3
74 142
239 135
262 186
1 28
296 214
91 37
204 137
44 328
292 74
265 283
272 323
22 206
99 50
45 178
138 161
328 122
260 169
282 90
87 40
103 6
216 101
276 105
172 202
155 2
179 322
91 171
264 196
121 10
91 216
43 93
273 27
99 322
195 96
324 260
184 196
82 137
137 319
29 292
325 291
28 124
139 35
286 150
87 148
123 224
269 215
41 8
280 122
320 209
161 201
256 227
26 61
265 270
178 98
90 317
279 224
264 242
11 21
103 57
217 182
163 283
91 214
1 31
312 169
311 179
62 270
29 307
87 258
126 150
130 227
149 240
202 320
186 143
247 201
74 90
257 29
168 27
22 234
235 229
146 133
78 102
207 75
265 94
272 248
296 185
117 271
42 27
318 275
173 73
66 133
285 122
87 50
209 192
232 127
285 235
75 46
174 139
145 60
220 221
249 128
289 143
20 36
178 15
309 196
27 235
265 255
323 305
292 106
224 288
263 230
300 175
15 60
312 45
101 2
328 173
54 152
167 294
134 224
301 315
319 44
251 145
126 101
236 272
40 59
314 115
49 198
285 253
6 244
265 113
139 270
125 36
222 44
71 313
222 191
295 95
249 3
313 132
5 273
122 169
43 113
200 125
167 246
156 200
45 267
213 276
286 15
76 44
277 157
249 155
257 193
39 265
65 182
71 120
186 72
44 158
191 148
1 117
311 229
169 1
256 37
84 219
216 269
87 239
217 116
74 96
97 193
44 149
30 277
290 245
170 152
244 135
8 136
252 268
257 162
94 76
227 214
118 86
17 223
199 164
198 315
60 91
191 53
213 120
152 283
189 255
7 24
33 40
234 302
325 58
143 39
56 300
190 70
270 222
219 15
130 171
41 73
259 30
35 122
71 285
20 59
187 151
245 103
229 203
285 41
308 299
146 186
42 302
98 195
172 80
328 281
74 229
22 13
281 198
83 17
316 228
140 258
51 306
141 87
164 136
185 5
243 315
191 59
90 138
73 261
3 155
43 112
316 244
127 314
229 27
88 75
178 318
259 12
318 323
86 144
17 194
312 280
280 310
300 124
70 73
254 314
92 254
93 232
315 146
67 322
230 178
59 169
172 213
157 295
50 291
13 173
153 77
195 29
51 256
237 284
114 215
278 162
107 60
116 243
118 235
263 150
103 8
33 52
238 255
301 138
122 73
110 256
257 135
136 186
119 57
31 93
61 299
122 299
325 118
272 14
127 62
93 250
279 325
300 1
193 217
124 138
2 42
242 267
194 120
69 2
34 36
237 54
168 281
132 166
264 118
49 94
270 44
271 285
312 301
187 200
179 298
249 60
50 55
70 178
229 75
9 220
46 59
195 210
181 267
38 282
154 152
203 310
23 3
207 294
268 52
227 118
67 202
50 46
121 131
129 249
281 115
156 131
162 99
274 50
302 209
250 270
161 185
72 183
96 45
189 182
136 62
271 37
219 284
113 324
121 132
64 278
123 248
251 326
320 41
29 132
86 95
288 2
202 5
58 187
50 33
183 154
26 230
190 295
47 209
92 282
167 162
324 165
305 138
207 317
32 30
2 231
239 315
24 253
173 270
141 240
309 297
298 119
189 57
155 73
103 34
32 252
60 202
150 241
286 17
138 18
109 72
93 270
46 305
29 263
203 28
22 229
215 315
144 19
308 132
179 68
259 60
119 123
144 305
277 251
265 297
233 215
17 312
162 246
115 68
320 134
218 176
55 237
165 34
5 126
117 281
10 75
230 93
158 67
288 46
257 207
24 163
211 256
13 127
96 192
266 307
297 82
64 296
38 299
79 224
281 89
37 225
183 70
60 70
48 272
52 89
95 113
223 76
179 42
150 34
87 311
201 202
203 171
60 93
120 101
211 219
140 229
158 220
129 7
237 206
2 117
315 230
8 137
124 283
241 100
295 244
170 40
209 115
138 49
324 143
162 171
113 34
295 69
116 105
211 224
102 12
325 168
91 317
20 172
122 195
232 227
80 322
219 145
322 71
3 113
219 14
137 279
306 28
16 207
59 164
261 163
186 300
299 7
263 21
141 174
129 17
26 222
135 95
214 225
146 257
276 87
225 118
224 322
207 324
83 129
25 202
262 319
7 197
89 27
53 5
61 153
40 6
315 156
103 21
97 68
244 157
8 190
154 133
29 173
124 237
126 297
149 313
136 141
175 163
133 288
64 100
191 35
247 134
307 213
209 256
312 119
80 243
178 237
275 218
137 221
103 240
89 244
202 118
171 180
122 231
213 140
262 75
61 185
45 31
66 164
104 271
96 25
167 91
79 320
245 61
139 65
18 82
63 107
194 198
264 317
28 270
251 8
180 4
36 222
38 174
189 306
69 144
249 82
234 83
327 68
204 324
47 197
126 283
70 51
241 201
8 203
9 195
12 120
92 270
313 309
156 133
286 79
235 286
200 268
54 187
278 197
246 260
203 115
313 92
304 100
285 259
168 190
320 164
140 60
198 325
153 191
248 251
122 99
52 93
209 187
143 327
160 54
135 25
216 205
5 323
292 206
59 205
80 214
321 220
174 238
89 168
182 309
40 270
297 302
192 131
267 102
312 178
320 178
122 2
65 186
33 232
287 173
218 164
170 67
9 71
84 186
3 52
207 316
325 193
41 327
48 312
227 108
230 139
52 276
153 225
8 231
46 84
250 70
269 192
57 304
96 282
117 278
77 182
27 87
280 192
230 51
1 247
203 31
22 250
172 132
291 199
169 44
209 328
191 200
124 189
147 110
221 139
314 328
200 120
321 167
139 152
21 148
81 92
214 228
45 110
283 239
319 46
178 4
17 130
165 207
230 133
68 32
322 7
143 205
292 147
21 118
151 328
52 172
108 30
295 200
30 15
87 106
17 234
27 260
111 96
168 106
297 266
120 88
229 282
138 148
309 77
257 127
100 70
320 292
114 102
9 18
251 67
197 3
310 290
259 36
190 34
283 253
267 42
141 130
129 13
39 77
314 3
259 203
59 291
70 251
54 65
75 204
171 295
227 281
320 149
211 51
271 191
262 13
30 121
220 82
207 281
155 271
230 223
306 250
226 79
73 272
257 73
9 179
319 287
206 155
45 287
327 154
31 73
316 278
320 236
257 160
187 35
282 277
307 263
220 41
116 106
229 192
139 21
285 46
145 238
147 181
152 285
209 284
29 41
67 138
73 87
237 273
70 258
117 134
227 263
28 300
174 183
69 35
215 68
37 10
149 310
46 311
115 321
61 261
249 29
230 201
251 180
72 247
73 258
56 326
203 41
3 148
207 156
262 5
30 261
53 172
312 106
64 309
156 171
12 143
164 315
131 50
30 82
304 66
213 8
225 29
120 234
156 307
67 293
195 248
216 2
201 229
95 266
220 54
183 162
88 106
205 241
243 258
64 101
234 322
254 205
240 209
315 148
170 292
286 200
91 319
34 16
221 264
187 79
133 135
104 265
142 111
92 64
39 150
4 116
211 255
12 257
286 160
292 68
195 317
52 210
90 77
78 177
304 265
237 59
282 135
84 15
89 252
90 242
99 55
120 144
303 161
324 122
307 34
207 112
230 307
18 281
165 17
49 296
126 243
53 305
40 282
204 131
4 288
225 258
102 72
85 128
54 294
112 247
238 28
8 204
283 82
296 199
298 32
263 279
304 263
30 38
106 255
125 252
199 224
221 222
35 216
160 48
161 166
184 182
165 156
298 322
263 110
163 279
312 165
313 204
188 162
249 257
197 60
143 16
17 242
64 186
83 61
305 75
179 292
88 223
198 100
181 52
115 253
259 224
227 97
138 268
122 322
146 137
115 106
170 182
208 13
113 217
184 102
238 153
226 42
107 245
140 248
277 238
102 125
85 155
235 73
54 293
265 185
68 52
161 33
325 104
309 302
94 218
248 155
46 82
104 181
168 316
247 82
179 306
147 285
223 197
23 40
281 236
10 47
252 84
13 82
89 33
15 274
182 188
114 235
22 145
47 279
215 316
163 266
237 314
186 34
287 149
292 288
222 33
136 268
119 124
26 287
156 25
269 278
90 277
122 162
306 166
274 319
115 65
301 148
10 255
327 83
136 254
173 39
318 308
52 50
72 283
40 175
167 291
194 133
141 224
56 275
293 106
261 113
249 294
304 322
175 10
292 227
149 273
279 56
83 222
174 267
150 131
201 175
58 288
168 107
25 89
322 259
166 144
187 310
184 274
315 288
29 93
289 240
174 163
292 99
135 283
139 137
234 25
107 285
15 188
110 193
80 313
157 144
107 103
326 135
262 224
120 207
34 131
289 137
280 63
100 221
257 174
294 245
100 279
136 296
119 169
257 223
55 84
192 254
179 53
58 20
213 291
198 130
53 202
275 269
152 64
136 303
195 34
112 222
21 183
276 161
277 173
308 242
112 99
59 278
225 2
26 213
317 39
63 294
171 276
320 228
235 326
151 52
282 160
52 316
91 74
2 291
68 11
262 314
301 277
216 286
48 29
4 47
290 29
310 193
76 252
151 185
64 310
191 285
108 122
290 117
220 6
245 191
135 176
239 268
102 60
86 271
313 174
206 110
233 76
235 167
71 238
201 27
255 168
57 177
210 292
160 166
20 101
148 18
315 124
189 293
299 230
86 151
326 75
61 138
31 166
133 302
161 10
144 206
203 38
214 241
10 246
314 158
246 75
26 150
31 192
212 255
297 113
6 75
210 101
70 52
54 327
311 314
187 191
208 147
319 97
234 254
199 26
115 145
81 242
103 154
31 260
299 212
46 270
92 88
2 263
97 310
247 299
49 171
196 46
308 221
130 99
283 92
175 90
287 203
256 122
94 142
167 187
138 114
174 219
159 180
299 205
63 188
156 63
158 128
288 111
144 164
90 311
1 144
283 164
85 112
289 192
59 320
317 93
124 156
197 50
317 206
85 295
124 243
179 149
142 267
163 79
161 165
185 47
120 159
218 260
161 22
168 160
299 35
30 159
160 287
70 315
236 10
296 207
95 193
173 194
219 115
153 46
318 190
86 202
235 83
146 119
187 219
262 267
63 51
196 27
223 313
158 278
30 134
73 110
37 112
160 189
109 83
151 89
231 143
60 21
116 170
262 258
288 227
129 95
77 257
243 41
173 163
46 83
200 212
294 215
297 132
119 102
14 246
252 325
50 233
297 277
300 185
248 122
181 5
327 42
273 106
146 248
256 275
226 74
36 148
316 191
64 128
103 172
220 72
253 315
315 277
141 230
291 201
150 28
7 72
202 170
166 321
63 268
203 185
155 314
68 147
127 101
273 286
303 70
308 142
110 22
148 250
105 35
31 240
100 191
13 235
64 13
206 31
161 83
201 319
148 274
42 310
62 326
100 61
104 3
302 106
285 242
147 17
265 126
5 216
105 36
13 147
215 187
204 117
173 24
301 1
177 93
13 228
198 171
294 66
187 132
282 199
302 2
53 46
60 48
305 322
197 121
270 289
74 315
148 136
188 295
317 133
105 244
149 290
33 186
160 190
160 10
78 33
306 72
141 266
33 37
86 16
252 264
200 254
241 25
226 216
176 327
12 136
267 272
91 116
276 162
252 33
56 321
168 208
152 287
323 278
237 196
97 79
8 179
7 165
119 160
177 247
101 163
238 285
150 162
248 60
186 299
295 127
44 240
136 17
84 100
89 23
308 311
67 318
268 50
296 230
155 61
263 308
311 125
281 58
300 319
273 205
90 231
92 76
143 156
263 15
157 115
118 157
176 14
200 132
128 161
292 167
230 287
264 267
319 133
314 263
140 309
288 91
162 179
328 226
50 321
37 284
131 260
278 30
287 196
143 62
105 173
115 56
117 159
323 71
41 160
314 270
86 63
195 1
72 159
164 186
189 174
33 95
147 211
225 45
261 39
174 102
325 26
145 121
231 275
256 19
316 117
227 255
109 160
55 71
26 142
211 317
267 127
1 15
205 295
57 109
156 137
301 171
305 168
326 189
20 226
96 19
167 77
255 67
255 254
77 277
160 281
112 2
163 78
111 59
135 140
318 180
235 93
133 257
262 273
326 199
1 25
184 295
174 123
195 223
48 149
241 80
187 109
31 52
274 65
116 172
203 254
231 230
37 313
188 270
103 40
70 307
219 218
299 162
304 134
231 142
236 288
255 4
112 286
23 130
281 154
212 201
214 189
273 112
237 319
98 304
137 14
266 81
69 81
80 192
81 214
7 287
103 182
107 236
250 77
70 325
110 299
59 52
23 42
12 326
19 268
198 165
96 63
198 274
75 37
316 201
180 115
165 60
86 280
135 302
301 119
287 36
278 228
231 188
92 51
19 277
94 315
79 311
248 316
88 293
244 168
303 58
16 81
239 34
67 117
86 100
273 140
97 267
280 202
140 244
315 203
255 51
187 136
197 65
44 279
314 239
246 24
265 116
197 281
250 87
269 239
202 210
78 239
317 312
87 103
218 303
273 133
229 210
234 175
17 309
234 318
90 91
127 308
132 235
225 223
119 69
144 291
296 41
64 5
63 81
54 286
206 16
193 237
217 231
291 255
56 291
314 241
280 1
50 257
291 76
20 67
78 249
28 328
255 89
147 320
243 299
261 328
306 249
143 180
149 173
325 60
143 37
4 202
153 203
7 175
199 274
311 110
204 100
81 44
200 166
258 265
261 177
28 9
308 297
210 161
174 192
85 57
88 264
270 304
311 246
224 216
115 36
207 1
12 49
77 160
132 192
100 263
135 256
301 77
214 283
287 14
325 327
274 113
299 123
63 226
284 186
252 57
5 268
71 98
207 149
315 155
32 178
142 187
113 313
249 201
51 127
184 39
155 173
321 146
114 222
186 307
26 178
82 55
70 75
279 309
265 49
35 305
5 63
298 75
210 290
104 246
36 173
246 225
157 218
160 23
235 112
224 52
284 136
158 316
70 66
18 92
73 79
313 294
321 243
126 196
222 230
132 189
261 260
126 87
60 227
134 173
192 164
144 199
278 22
267 214
275 235
90 8
75 155
59 165
29 187
94 20
114 261
244 30
228 269
80 57
271 275
249 62
139 222
122 234
51 42
288 328
93 102
181 190
100 290
248 96
84 17
72 323
249 31
89 123
186 13
185 74
148 65
245 292
249 238
40 326
203 230
244 108
300 283
32 14
162 212
2 279
118 326
18 64
186 20
116 280
249 262
230 288
256 74
106 229
89 286
113 29
131 1
38 47
174 16
51 144
98 310
192 319
52 177
234 57
56 35
167 305
300 188
140 200
59 190
230 323
140 95
171 141
190 187
270 243
271 94
295 217
82 6
155 228
159 99
231 265
176 318
158 226
222 266
28 71
101 178
28 246
179 66
198 162
178 182
141 2
303 283
58 285
263 62
89 235
310 127
43 39
261 228
122 161
50 207
214 204
289 251
163 308
207 39
12 23
70 293
54 227
208 319
7 268
120 162
270 108
184 237
166 13
42 247
280 203
299 25
137 326
168 246
206 7
216 42
267 129
22 96
316 216
172 2
237 111
55 232
310 144
295 196
79 230
157 227
63 201
105 323
91 301
127 108
205 285
25 207
62 324
319 277
49 241
214 222
52 237
36 60
192 274
177 194
124 207
199 287
130 216
297 230
100 160
138 8
230 73
74 16
23 73
82 80
47 327
165 169
170 325
140 122
217 230
164 112
58 8
242 166
102 300
31 224
33 129
197 8
217 279
317 244
124 313
59 104

280 188
173 187
187 120
23 188
188 7
23 189
189 183
49 190
190 63
38 191
191 86
183 192
192 172
185 193
193 181
138 194
194 92
117 195
195 185
124 196
196 70
24 197
197 14
62 198
198 177
172 199
199 137
24 200
200 138
12 201
201 80
149 202
202 58
2 203
203 99
102 204
204 152
62 205
205 184
97 206
206 130
167 207
207 158
98 208
208 182
16 209
209 57
104 210
210 52
21 211
211 115
9 212
212 161
89 213
213 68
115 214
214 125
65 215
215 186
123 216
216 141
72 217
217 110
111 218
218 24
66 219
219 130
31 220
220 121
123 221
221 136
162 222
222 27
157 223
223 113
23 224
224 137
70 225
225 98
10 226
226 161
14 227
227 107
109 228
228 140
99 229
229 76
129 230
230 57
171 231
231 181
23 232
232 8
158 233
233 93
13 234
234 149
57 235
235 119
63 236
236 75
104 237
237 120
132 238
238 179
132 239
239 174
112 240
240 12
66 241
241 74
33 242
242 1
131 243
243 98
56 244
244 103
13 245
245 142
142 246
246 45
114 247
247 154
66 248
248 151
13 249
249 71
161 250
250 70
57 251
251 175
50 252
252 131
117 253
253 32
38 254
254 43
59 255
255 63
7 256
256 139
93 257
257 43
88 258
258 181
31 259
259 127
12 260
260 99
29 261
261 86
96 262
262 128
135 263
263 165
69 264
264 117
152 265
265 84
127 266
266 102
47 267
267 66
97 268
268 183
99 269
269 74
23 270
270 129
28 271
271 76
181 272
272 149
56 273
273 81
149 274
274 65
7 275
275 141
96 276
276 135
168 277
277 73
185 278
278 65
113 279
279 119
74 280
280 22

344 1647
238 115
23 264
34 153
129 139
96 322
188 312
10 158
47 119
226 214
307 267
114 173
22 343
28 10
303 128
52 331
111 232
3 147
7 22
63 117
47 143
216 74
327 143
222 99
150 49
311 102
26 313
246 148
344 295
18 216
166 32
58 302
86 267
298 267
233 72
34 171
308 107
313 265
20 295
99 294
138 93
317 340
173 122
321 145
234 120
311 289
13 123
78 56
170 313
141 307
56 139
69 17
163 84
241 2
102 91
88 192
276 185
205 237
92 244
165 154
275 3
335 37
282 83
230 261
344 83
256 111
167 134
199 241
210 96
10 5
232 141
108 250
23 99
143 144
111 268
84 309
181 259
93 25
27 95
341 248
38 57
48 343
333 85
270 47
247 147
236 128
145 266
224 269
316 341
50 137
87 268
201 51
27 84
10 164
128 39
4 300
101 118
161 31
313 161
328 25
20 236
97 332
264 278
196 16
218 37
328 290
34 57
55 38
149 344
199 173
144 158
261 143
264 242
126 263
36 122
170 90
143 8
245 300
263 264
16 134
254 58
19 147
111 66
299 60
18 36
323 178
40 70
95 21
119 324
47 214
245 237
7 94
233 31
289 320
143 101
92 281
170 69
278 110
262 40
193 343
200 319
220 117
258 342
307 149
35 56
79 291
200 72
94 222
77 318
303 54
331 265
84 68
61 96
245 195
101 25
343 204
168 122
4 256
107 190
233 239
160 89
36 334
247 257
331 177
4 233
99 173
162 23
282 307
123 125
159 107
126 26
132 143
6 31
138 239
144 335
255 334
329 3
76 166
21 104
23 340
338 211
250 74
124 186
125 36
82 204
159 80
219 80
138 150
142 43
294 285
226 277
193 17
79 112
221 159
230 87
86 125
294 78
169 314
163 340
154 49
176 110
6 230
7 135
343 99
37 26
311 26
316 71
335 293
246 128
342 313
343 208
1 172
204 314
153 25
147 170
38 122
59 284
263 310
319 285
11 36
196 104
133 107
255 176
238 216
58 248
89 332
313 46
65 128
301 287
302 8
95 100
207 149
212 253
33 40
128 223
146 210
202 27
154 178
83 8
193 149
248 69
257 187
140 267
113 36
132 106
121 100
211 285
258 77
67 314
35 261
54 84
59 155
226 127
125 193
145 3
311 97
316 273
127 178
268 94
98 263
171 71
100 103
250 1
166 259
5 52
341 295
316 107
93 252
249 184
284 28
312 280
249 41
230 197
109 343
24 326
116 244
274 264
43 307
316 312
322 83
229 241
202 53
45 39
344 310
90 294
328 229
39 287
98 236
189 3
218 248
162 86
267 6
221 259
39 331
188 76
309 22
330 141
80 279
81 296
62 282
210 131
34 181
92 310
57 268
6 183
64 287
173 211
105 282
149 341
335 276
105 137
159 17
15 235
202 123
171 18
194 282
233 154
266 184
53 139
77 234
22 32
209 50
68 7
43 183
16 339
180 177
242 13
287 303
64 267
275 25
90 24
136 315
233 227
173 197
222 217
247 243
234 68
18 47
4 110
304 26
109 308
130 113
279 336
104 76
303 35
95 205
80 213
317 195
135 316
289 319
181 142
275 252
132 147
208 228
87 52
146 115
75 91
96 36
57 78
286 129
298 232
96 147
317 107
127 276
22 53
81 210
245 249
150 324
197 177
175 153
313 7
78 257
207 317
192 106
135 330
89 35
92 56
210 207
265 245
141 240
166 248
338 222
81 203
283 271
216 67
12 242
31 150
19 160
58 272
186 262
297 281
215 330
40 53
255 320
318 117
46 94
52 129
238 172
244 211
18 128
38 199
190 329
322 266
330 218
187 340
26 243
265 231
340 279
214 194
44 56
195 188
35 240
205 75
315 64
7 270
138 4
191 25
235 51
23 170
63 83
266 307
291 265
188 5
35 249
303 210
172 326
64 327
301 102
159 88
294 79
151 121
106 71
27 241
133 42
86 26
215 183
218 130
237 102
19 302
297 228
251 54
58 308
331 126
152 163
167 21
336 18
249 330
167 231
273 219
60 250
276 48
24 9
165 275
131 82
273 261
147 178
65 48
265 3
32 167
129 137
151 166
227 53
120 330
176 236
180 89
243 132
83 325
340 92
16 207
72 316
311 301
204 297
59 99
142 4
36 43
190 78
344 239
228 223
344 297
40 119
212 157
50 16
240 313
108 337
109 168
240 217
314 38
156 306
141 312
235 165
291 298
297 183
100 247
203 198
148 16
205 97
280 136
14 220
15 288
92 72
113 213
276 188
233 166
95 82
99 151
214 243
54 39
224 233
167 139
189 122
185 165
300 306
211 322
74 61
204 342
115 341
283 212
231 193
73 310
327 231
333 263
312 126
262 75
286 93
186 151
269 338
182 75
3 241
150 96
151 281
9 218
241 161
82 253
124 333
178 296
318 153
275 309
172 270
156 61
140 295
235 99
76 319
167 80
134 155
28 103
54 81
305 260
159 161
109 321
43 95
317 95
213 158
181 266
94 115
298 35
7 311
320 220
66 7
252 318
312 326
294 63
279 116
320 75
265 267
302 207
216 343
254 153
330 188
292 22
284 299
157 83
2 138
336 218
9 46
72 111
273 18
61 83
317 286
245 289
191 293
220 97
203 155
199 111
259 298
207 223
233 139
201 156
277 97
98 241
67 268
310 176
240 268
279 138
119 28
229 177
12 332
178 27
309 105
299 79
104 37
284 230
324 93
166 198
295 332
150 12
6 330
7 88
214 41
159 301
292 312
226 322
258 235
41 137
250 273
196 294
157 62
74 281
129 82
225 70
100 56
268 246
159 298
136 267
249 134
252 322
127 237
223 195
206 137
321 95
69 292
215 325
115 209
104 19
139 65
128 254
246 2
46 95
196 133
217 312
233 319
61 188
223 187
98 13
244 220
317 237
173 40
105 197
268 311
39 217
276 140
298 145
140 249
325 270
153 59
167 251
237 226
173 72
149 161
120 303
33 328
108 30
76 55
295 200
78 232
301 108
197 171
126 3
282 254
143 272
113 143
187 250
335 119
101 336
309 254
244 179
210 328
275 170
237 108
311 31
224 175
95 297
172 140
46 150
49 101
221 255
289 25
93 137
185 88
63 319
267 187
142 163
75 204
221 101
166 229
167 233
210 323
321 281
103 65
87 310
128 114
57 332
38 291
277 164
317 333
115 25
88 224
287 31
250 228
217 234
133 203
103 295
238 111
323 303
329 52
197 245
113 80
189 283
301 87
108 154
64 16
85 75
122 192
197 109
55 270
113 259
224 197
317 153
104 133
35 239
264 85
188 25
247 324
185 115
315 145
286 222
307 119
182 31
334 273
6 274
7 160
10 132
194 18
197 231
38 340
333 50
134 45
177 123
287 10
91 64
162 44
204 220
304 66
14 91
15 331
166 182
47 145
225 142
207 10
86 39
246 28
18 191
183 13
209 101
2 308
233 165
225 22
119 284
243 205
288 295
144 92
139 339
250 121
142 305
6 74
246 304
54 210
91 94
273 343
184 161
51 179
342 180
147 209
150 110
260 173
228 44
267 213
147 62
78 177
230 285
58 165
131 41
158 340
230 26
71 259
276 278
328 125
168 177
261 34
239 254
121 159
115 4
177 22
330 35
43 176
208 128
261 154
325 165
128 321
218 200
204 43
98 111
154 230
163 76
122 149
101 115
69 335
259 251
70 171
3 132
26 5
27 177
192 293
301 284
124 154
92 262
100 335
58 207
204 34
317 200
218 322
338 21
344 276
92 36
205 323
295 12
274 299
61 308
65 78
233 138
327 202
330 311
223 318
334 136
154 121
344 50
56 177
98 97
316 168
337 307
319 50
109 229
242 61
42 174
44 190
312 179
152 231
28 252
47 64
103 39
303 42
344 57
128 144
204 80
225 189
209 27
47 49
195 88
71 335
54 141
304 187
12 324
69 314
148 260
282 21
121 43
47 216
85 21
52 277
237 239
62 319
147 104
331 266
132 252
151 255
306 68
108 184
53 286
220 79
222 176
68 171
69 291
129 57
94 309
187 239
334 114
89 91
293 97
159 274
130 203
331 259
297 247
234 23
307 298
99 293
207 269
83 275
283 238
46 318
86 209
21 4
115 14
226 281
297 111
283 12
29 245
145 35
237 114
44 186
243 170
319 193
268 303
34 83
326 125
82 205
209 159
65 178
46 140
303 232
308 338
295 41
263 64
146 228
75 214
133 47
265 127
164 151
93 279
134 209
63 245
166 139
212 234
44 40
160 154
19 81
58 323
257 273
230 77
140 272
214 267
91 124
232 54
90 188
2 192
40 19
44 144
102 337
35 280
163 303
293 5
166 285
286 124
215 78
5 87
15 130
182 251
58 317
276 161
60 86
247 334
321 51
284 161
9 187
300 33
339 6
286 212
197 108
260 268
151 160
178 267
343 227
39 234
343 235
67 229
129 23
320 332
71 241
313 278
332 86
334 278
86 45
143 94
257 177
6 89
195 16
2 314
189 157
27 76
133 287
4 22
25 175
287 220
118 15
341 292
15 104
247 19
307 285
150 302
281 173
299 342
272 19
168 196
169 218
171 177
303 3
72 117
145 97
235 301
113 115
311 112
186 340
174 312
55 79
262 303
101 285
257 8
2 191
167 45
22 21
117 302
207 27
14 149
18 174
298 206
64 197
192 10
337 45
234 86
307 180
61 296
229 337
254 299
22 189
333 318
137 19
121 246
82 324
68 314
343 47
38 172
223 224
189 304
235 226
108 288
209 216
140 176
308 164
142 249
281 305
308 75
327 281
221 172
136 220
194 78
340 17
251 3
217 330
164 327
244 98
344 270
261 130
10 329
230 339
212 186
33 99
260 334
81 229
248 253
29 136
31 164
130 298
41 157
4 279
322 293
22 215
8 108
101 305
171 146
174 125
275 144
131 247
245 296
178 134
270 149
185 200
310 111
22 238
336 59
219 278
191 196
267 290
217 300
36 109
147 98
293 207
227 176
136 262
157 282
250 172
178 129
36 252
55 48
96 79
21 315
279 157
264 21
94 200
89 32
328 50
152 309
118 341
138 319
56 262
231 106
344 1
223 188
80 198
196 338
89 184
109 69
54 133
132 140
13 74
108 200
115 262
172 122
283 153
47 287
54 114
177 210
196 135
125 223
143 119
125 152
219 95
257 203
26 335
158 238
162 245
54 117
243 60
317 115
118 65
319 192
67 123
30 13
178 170
269 65
227 52
196 102
34 137
253 115
1 112
113 286
274 109
132 334
45 263
121 174
261 319
64 149
339 336
268 295
112 161
136 124
34 273
290 304
96 218
316 306
62 329
344 110
201 243
127 306
275 263
277 162
109 41
130 283
23 68
246 322
232 55
305 234
310 69
149 73
150 73
23 181
290 241
199 200
48 35
236 82
56 99
153 91
149 299
210 126
321 129
161 245
131 87
206 242
209 129
246 325
90 132
165 225
220 40
42 291
206 29
261 195
264 142
159 21
273 64
292 177
94 168
131 190
150 51
337 35
269 20
290 123
330 2
96 310
206 330
264 87
127 177
224 37
207 233
122 275
98 264
108 202
228 49
49 340
218 334
255 162
28 106
66 39
142 293
275 209
242 292
68 342
327 93
280 307
8 146
99 147
67 295
120 219
336 137
247 125
124 232
128 80
111 39
344 307
256 180
313 69
49 184
217 84
329 69
147 202
275 1
180 234
189 6
195 227
285 168
179 16
337 22
174 206
105 242
224 91
135 161
251 236
101 284
307 223
240 116
211 110
227 299
6 176
140 338
116 32
106 26
234 87
17 25
334 10
247 145
85 118
140 186
216 251
109 144
184 281
311 163
52 219
70 206
56 158
75 330
57 203
209 61
250 137
270 129
274 60
275 237
103 227
106 5
108 238
220 29
336 87
278 35
120 264
121 254
230 296
181 279
58 194
313 314
82 243
185 189
60 145
189 328
291 162
277 75
159 171
1 25
23 310
8 245
51 57
129 266
5 29
102 233
320 69
175 329
86 203
179 343
189 178
282 1
47 259
173 21
182 83
154 71
119 251
215 310
69 104
327 270
313 324
95 201
73 182
154 317
16 251
198 194
329 305
96 73
282 338
35 54
141 71
233 113
109 297
228 288
239 175
295 329
335 13
271 95
77 145
95 310
208 320
301 126
21 314
284 73
113 153
114 233
11 6
258 338
93 211
173 155
158 85
133 75
276 331
118 306
138 225
112 268
327 179
85 338
215 164
191 158
222 46
153 152
262 31
305 117
20 37
114 136
229 169
198 70
186 67
292 142
69 187
91 322
234 88
269 239
6 120
191 323
88 21
38 242
136 118
85 189
251 173
306 199
258 98
259 199
200 98
132 324
190 86
177 195
219 63
105 180
18 238
74 19
249 15
70 111
145 241
21 20
169 251
277 122
188 254
34 129
10 150
32 343
61 159
318 253
80 66
323 242
296 16
332 265
64 28
246 323
324 19
238 114
225 15
47 306
261 106
100 198
102 294
214 90
145 20
55 244
13 21
89 343
280 294
138 140
148 296
242 72
152 171
11 80
32 187
40 133
321 232
285 258
344 236
76 86
316 82
123 21
53 322
250 333
235 19
282 260
331 241
115 188
266 134
90 63
41 36
178 247
257 183
14 175
182 203
203 82
285 61
327 145
241 289
119 256
301 46
78 213
248 75
159 33
39 289
242 251
44 231
65 110
266 136
243 238
224 92
79 214
245 143
146 17
62 133
228 88
145 274
240 203
330 286
131 268
206 126
63 110
159 332
181 260
148 179
28 307
187 89
100 315
248 89
325 315
255 136
94 338
71 70
327 216
190 159
250 39
316 215
56 159
147 72
100 339
177 100
102 6
243 84
333 309
317 91
233 46
242 241
317 257
339 272
344 272
331 58
205 327
203 255
264 320
195 222
106 303
56 173
94 126
299 172
296 64
234 65
108 221
334 28
217 184
177 173
333 109
174 151
247 86
81 136
316 26
83 257
303 209
69 318
94 334
27 275
230 148
141 242
83 95
17 106
146 325
131 237
292 241
311 55
315 48
191 343
231 305
91 28
165 328
65 172
301 142
106 102
329 73
226 258
100 85
300 74
96 175
213 259
70 290
145 54
310 134
293 246
295 214
141 2
18 130
134 227
330 119
66 150
343 187
240 1
209 307
326 93
287 270
218 3
96 331
182 37
111 316
6 247
153 289
12 23
219 32
311 5
226 50
172 333
198 52
181 228
201 171
258 290
89 48
186 64
270 30
269 157
273 90
3 196
7 67
318 97
263 213
179 80
93 85
241 116
307 232
125 175
297 270
245 64
140 236
141 133
309 250
168 140
99 266
33 136
286 310
244 46
344 338
343 209
41 143
334 129
325 161
24 222
79 269
233 85
197 103
147 24
131 178
133 21
339 234
142 342
58 251
187 46
137 163
341 67
342 228
204 304
283 246

274 148
126 201
201 44
135 202
202 21
1 203
203 118
140 204
204 32
194 205
205 35
133 206
206 18
190 207
207 73
183 208
208 125
66 209
209 171
1 210
210 62
12 211
211 82
175 212
212 6
58 213
213 164
40 214
214 103
133 215
215 123
61 216
216 82
67 217
217 154
154 218
218 162
58 219
219 45
196 220
220 157
153 221
221 171
197 222
222 69
183 223
223 118
147 224
224 20
117 225
225 155
80 226
226 93
102 227
227 128
155 228
228 173
109 229
229 156
68 230
230 3
129 231
231 77
24 232
232 1
175 233
233 147
130 234
234 27
120 235
235 42
196 236
236 7
176 237
237 200
129 238
238 44
192 239
239 89
177 240
240 189
83 241
241 26
192 242
242 56
158 243
243 97
13 244
244 6
56 245
245 142
146 246
246 189
74 247
247 46
56 248
248 173
147 249
249 163
60 250
250 155
67 251
251 103
62 252
252 36
125 253
253 25
184 254
254 85
142 255
255 157
109 256
256 75
175 257
257 111
132 258
258 39
11 259
259 36
73 260
260 161
21 261
261 22
64 262
262 152
93 263
263 108
45 264
264 59
101 265
265 121
37 266
266 143
189 267
267 2
29 268
268 112
66 269
269 67
171 270
270 114
197 271
271 172
187 272
272 188
106 273
273 169
69 274
274 35

289 196
126 192
192 172
98 193
193 102
167 194
194 79
67 195
195 13
140 196
196 179
21 197
197 9
59 198
198 98
146 199
199 158
29 200
200 146
54 201
201 118
23 202
202 71
11 203
203 129
172 204
204 93
139 205
205 9
20 206
206 190
22 207
207 174
123 208
208 131
25 209
209 156
163 210
210 56
180 211
211 150
127 212
212 137
111 213
213 79
65 214
214 22
133 215
215 20
164 216
216 25
56 217
217 95
152 218
218 112
29 219
219 23
30 220
220 27
96 221
221 175
40 222
222 161
18 223
223 5
23 224
224 46
176 225
225 82
131 226
226 72
38 227
227 87
74 228
228 64
116 229
229 47
48 230
230 176
142 231
231 181
57 232
232 21
14 233
233 31
51 234
234 10
171 235
235 178
113 236
236 36
3 237
237 5
21 238
238 58
59 239
239 130
183 240
240 55
166 241
241 23
29 242
242 111
164 243
243 103
176 244
244 143
185 245
245 178
10 246
246 149
89 247
247 169
187 248
248 105
57 249
249 155
10 250
250 155
18 251
251 53
180 252
252 173
129 253
253 61
76 254
254 189
23 255
255 90
163 256
256 93
127 257
257 159
171 258
258 4
81 259
259 73
22 260
260 109
117 261
261 164
98 262
262 129
92 263
263 79
124 264
264 26
10 265
265 60
178 266
266 60
85 267
267 162
103 268
268 6
145 269
269 162
190 270
270 17
84 271
271 169
136 272
272 50
145 273
273 46
89 274
274 107
163 275
275 87
177 276
276 32
8 277
277 138
12 278
278 153
112 279
279 98
188 280
280 2
157 281
281 37
176 282
282 11
86 283
283 2
184 284
284 156
122 285
285 23
180 286
286 1
35 287
287 63
38 288
288 182
170 289
289 67

366 1756
312 241
97 219
132 263
46 12
85 63
359 127
87 346
227 258
356 169
302 304
286 99
239 65
173 8
195 39
15 143
71 290
226 329
355 96
211 231
139 9
131 275
337 144
249 342
33 147
126 6
361 17
302 170
14 165
328 246
37 135
42 210
354 192
83 313
50 18
174 83
130 13
294 130
363 176
318 151
68 336
4 144
102 51
231 206
17 265
326 230
31 292
123 267
33 60
296 239
266 17
161 336
127 208
273 193
68 351
346 146
227 64
329 75
293 85
9 211
174 93
153 166
117 157
320 204
304 278
168 166
208 263
283 353
85 250
103 239
71 262
256 141
208 150
280 259
326 101
360 224
144 87
106 137
13 363
313 291
186 346
24 113
151 54
192 13
108 292
191 51
22 193
259 241
192 188
30 207
176 132
19 133
214 319
343 338
309 25
352 346
200 83
127 45
97 10
248 138
358 260
207 300
322 297
286 270
253 233
17 160
259 255
98 333
174 14
252 108
73 153
20 346
119 252
344 47
202 181
57 219
228 340
356 11
311 81
280 240
135 338
267 23
182 165
109 232
54 294
86 312
34 361
200 65
111 288
22 69
272 50
248 152
128 157
310 181
38 270
167 163
155 238
217 89
27 357
301 148
232 208
160 66
73 333
209 192
327 191
332 10
152 235
151 312
30 321
94 2
71 186
37 252
257 203
10 43
68 168
327 39
94 310
119 346
49 314
140 87
235 211
319 334
357 7
314 330
225 202
105 199
361 282
112 191
353 187
151 104
184 342
366 9
164 3
117 51
48 171
329 3
209 323
237 117
365 64
82 204
72 287
46 137
106 105
110 170
210 187
49 308
340 285
88 302
125 135
219 139
94 179
98 174
46 107
266 72
225 196
338 93
193 307
160 255
83 284
303 244
24 355
119 298
23 362
266 115
177 193
33 324
110 346
300 342
103 212
197 159
162 147
40 129
204 199
118 261
103 293
70 109
189 230
50 249
255 26
221 96
266 122
344 346
34 97
243 301
254 257
143 365
77 323
117 23
48 87
325 58
145 121
351 320
262 110
250 110
251 197
293 296
166 46
86 241
14 82
61 12
285 190
338 287
87 338
224 218
167 154
84 129
151 45
340 90
202 71
97 302
134 190
231 208
51 163
96 46
290 175
240 216
236 190
79 93
360 326
89 310
280 135
179 366
235 125
218 264
366 62
170 294
220 237
3 273
149 210
12 33
70 363
80 129
137 222
142 105
258 167
294 100
2 126
105 296
70 64
290 161
20 327
25 321
9 210
129 150
361 157
265 126
208 248
135 361
249 74
137 355
198 125
76 263
86 285
144 57
163 186
24 340
25 330
123 280
72 96
238 134
95 214
238 316
41 174
230 31
12 166
55 64
183 143
245 277
198 306
308 278
365 291
77 281
99 139
43 294
299 176
7 131
183 23
246 200
138 193
139 213
309 24
134 157
302 57
303 181
161 17
329 125
94 234
331 148
165 113
338 245
97 122
7 322
339 274
50 86
216 349
217 4
365 132
314 92
12 299
268 112
4 253
134 115
98 317
189 39
196 227
267 255
178 325
293 217
29 132
88 53
273 165
257 342
318 162
304 130
253 225
1 230
242 63
45 149
265 204
157 38
288 224
289 214
57 114
3 234
22 90
184 107
96 258
225 191
335 182
205 49
118 295
85 166
267 156
206 112
116 360
207 83
38 30
15 54
127 285
220 222
151 253
173 48
91 30
112 185
167 296
227 5
283 346
85 175
5 302
354 128
284 251
358 342
253 100
329 25
64 79
124 188
55 148
240 118
131 233
246 188
247 38
178 180
16 295
273 136
132 136
227 10
355 65
362 312
191 97
67 175
26 98
338 208
268 235
345 130
236 106
296 175
205 75
353 322
307 305
156 36
318 89
340 118
268 19
201 112
293 21
26 109
286 12
147 125
42 109
324 153
125 173
158 213
108 365
145 320
2 203
247 303
25 267
171 292
81 361
320 148
268 153
198 149
290 106
59 232
275 258
96 293
170 33
137 184
230 79
13 224
254 65
347 148
83 292
156 99
326 248
286 137
214 215
291 224
81 354
338 189
356 172
103 127
51 109
215 76
227 217
261 181
118 285
257 67
171 72
251 301
70 244
331 337
56 301
129 137
348 315
22 11
318 24
249 316
179 169
249 173
248 198
364 298
64 22
263 21
52 341
257 68
205 262
152 174
333 284
173 349
269 191
20 282
115 41
354 41
161 324
257 358
295 234
29 325
112 202
294 107
192 82
250 328
269 295
144 213
131 282
205 319
338 279
195 332
290 31
328 226
322 89
196 213
184 42
20 91
130 186
169 58
351 267
355 52
273 351
97 294
28 26
49 187
305 273
73 269
259 342
171 191
28 137
50 337
52 202
48 364
196 263
359 245
162 92
60 137
5 77
316 99
13 61
222 312
223 1
200 32
351 278
278 18
339 32
222 90
278 344
334 222
31 207
148 38
133 129
65 82
144 171
256 143
242 24
133 274
227 75
237 350
191 166
124 139
90 23
220 297
241 161
313 300
60 296
43 288
127 192
226 243
322 213
271 284
299 88
217 170
275 19
313 196
351 260
338 251
230 309
32 300
361 253
159 310
57 276
293 167
21 290
243 366
92 44
40 90
295 20
126 258
148 221
170 206
248 140
167 171
16 129
126 252
220 97
183 111
257 348
181 53
133 338
256 292
117 93
338 346
273 122
25 151
81 274
364 76
333 113
227 137
101 21
195 80
234 61
199 215
349 284
318 366
102 124
305 222
327 51
233 140
163 258
9 246
321 292
233 29
55 129
296 187
277 135
156 23
282 303
159 103
312 347
299 188
109 223
57 9
334 106
51 154
77 316
8 231
320 137
234 361
71 180
257 310
96 282
132 243
299 354
89 186
291 60
258 303
301 139
252 4
235 68
100 80
173 262
163 304
79 108
11 139
149 265
245 202
300 302
277 250
292 147
189 360
65 186
247 363
66 149
339 305
159 250
108 197
43 24
334 116
264 144
220 363
168 129
159 280
131 209
132 225
151 242
305 105
14 197
41 252
25 90
229 213
230 45
209 297
282 97
201 119
56 281
293 20
338 200
107 363
19 73
93 280
312 230
113 128
352 178
193 232
342 6
74 246
20 270
277 307
102 296
34 245
15 21
182 41
309 46
256 214
21 346
153 31
1 211
294 85
3 166
80 121
11 38
233 90
141 268
330 327
204 26
271 132
277 173
286 309
297 365
180 194
1 187
169 298
43 247
120 109
250 327
251 191
255 258
328 90
294 260
22 153
46 19
32 184
313 10
160 348
344 233
57 350
347 126
133 172
245 183
140 261
165 283
210 10
66 263
161 121
3 148
22 144
207 156
338 285
218 237
76 195
8 210
321 130
249 196
214 81
52 116
174 297
36 48
91 64
186 308
223 18
260 40
352 61
76 223
307 207
145 216
329 94
209 175
357 195
255 274
255 169
205 96
241 287
238 277
298 366
329 71
243 124
23 223
176 3
177 139
267 220
220 164
132 291
304 274
326 50
56 125
347 91
183 10
228 283
13 60
107 161
163 38
37 182
352 253
209 239
102 41
306 153
120 248
193 198
12 75
267 213
56 149
311 217
276 109
232 353
36 208
38 180
339 257
242 25
106 40
211 132
126 273
163 188
23 294
261 34
120 255
193 223
176 49
53 128
359 234
235 280
60 152
134 9
300 212
246 247
156 62
144 360
236 313
329 233
227 115
267 316
288 332
363 256
145 85
255 310
75 321
2 35
94 112
19 295
136 272
47 26
106 255
347 174
114 312
223 238
297 291
172 262
247 244
322 301
194 275
253 94
356 215
283 43
213 166
162 14
145 78
314 181
64 186
106 230
324 270
281 226
79 350
28 118
253 87
166 204
295 342
190 329
353 292
133 83
248 3
247 85
319 359
226 157
321 76
106 112
271 362
183 148
276 298
353 6
228 120
304 19
323 324
272 108
164 42
4 138
40 359
166 342
63 287
342 194
276 322
276 255
190 349
253 291
312 203
67 364
86 310
362 327
93 213
314 223
81 184
356 131
267 344
317 296
104 203
107 310
126 22
256 203
114 348
178 123
26 246
33 8
311 155
125 40
240 104
293 242
322 153
179 256
254 82
128 29
294 83
206 145
317 145
303 227
87 221
180 289
91 134
270 195
152 258
362 335
47 293
141 224
146 237
3 195
356 177
309 95
96 297
333 20
316 76
27 3
325 357
182 278
205 218
64 12
366 23
233 111
344 102
364 25
153 302
9 17
356 184
29 206
363 105
353 345
9 98
246 140
263 358
232 160
141 48
132 109
264 48
249 9
139 230
213 115
54 280
42 141
226 299
215 192
316 211
335 236
88 114
290 104
348 105
95 273
79 235
63 312
157 248
36 286
122 256
20 167
43 14
189 227
46 9
71 3
202 267
94 160
155 44
18 339
75 270
44 361
229 126
89 158
39 237
283 305
90 135
128 360
333 214
214 236
72 64
167 158
318 30
286 103
73 39
249 355
77 162
299 232
28 348
322 244
16 193
110 218
331 110
39 305
193 65
301 224
230 206
88 158
142 10
74 145
98 267
248 356
33 38
147 42
111 357
333 160
334 278
154 184
210 301
84 140
52 117
75 316
319 51
186 309
295 117
187 188
135 193
304 67
59 292
97 233
5 160
25 175
265 51
104 101
285 357
216 148
285 278
202 250
35 109
200 353
171 32
141 222
53 12
147 203
336 240
119 287
214 241
200 138
271 106
242 198
280 98
119 140
216 10
128 86
149 320
250 233
158 150
10 215
35 18
44 220
33 88
167 45
72 124
190 97
29 255
122 84
103 154
287 83
365 5
38 181
241 63
261 271
339 256
17 366
325 317
203 71
168 35
301 196
158 296
83 65
359 148
296 193
281 102
27 83
319 177
103 147
361 139
179 140
270 128
326 45
293 188
208 242
343 46
334 12
272 120
92 198
129 116
250 147
293 362
206 179
298 176
174 333
18 51
74 84
206 34
288 324
206 267
154 309
118 98
137 110
339 166
190 336
155 350
1 226
42 358
62 163
359 50
80 57
174 125
269 301
234 357
252 334
71 337
222 199
50 76
325 198
26 229
65 70
122 330
2 154
76 181
225 67
335 2
124 169
346 290
220 194
178 161
152 23
41 308
114 290
318 279
306 221
142 90
166 108
104 46
303 77
291 192
60 342
123 318
361 223
202 163
55 327
248 18
128 7
243 332
157 132
241 275
313 126
187 315
252 117
99 209
356 139
346 308
79 31
10 79
18 255
347 130
38 250
21 146
224 2
295 162
26 335
161 90
273 286
111 202
71 23
8 151
235 349
208 308
51 252
35 66
61 200
6 10
155 307
53 37
350 263
339 114
49 243
271 3
93 63
210 326
356 185
28 39
209 6
7 207
340 66
252 188
240 289
187 132
178 1
354 313
71 187
356 66
139 25
100 79
125 65
142 161
54 71
76 208
115 87
244 132
118 32
323 98
200 247
61 97
347 120
275 186
51 291
72 305
274 126
324 18
162 341
308 289
187 327
117 10
266 288
32 163
303 92
294 146
51 239
10 144
125 203
198 131
298 206
63 288
159 75
19 198
25 51
269 306
85 58
197 107
5 206
239 76
167 366
83 326
156 221
17 212
184 142
299 120
360 122
288 47
130 15
117 338
69 42
252 286
128 89
66 29
315 102
229 111
315 70
312 277
168 79
25 61
279 197
212 152
33 77
199 39
337 348
334 160
320 324
77 194
29 170
180 42
160 22
127 167
258 168
224 51
352 248
301 262
72 231
327 235
334 171
67 300
325 17
332 69
334 218
30 246
275 223
31 80
248 364
91 282
23 299
92 315
332 124
120 361
348 92
277 200
214 114
102 87
122 320
107 340
219 317
92 89
76 259
352 246
354 230
37 270
330 280
39 30
246 43
211 119
122 237
306 353
144 76
348 273
316 157
335 355
246 90
232 362
25 105
198 217
71 357
119 50
163 214
309 27
314 86
115 292
140 177
189 17
243 6
271 64
152 3
100 150
275 319
187 84
244 99
295 17
135 29
143 237
109 130
94 238
296 289
333 228
151 296
267 311
87 256
168 304
299 162
338 128
247 94
47 45
320 69
138 244
301 355
67 352
139 95
361 67
52 257
290 193
297 113
337 218
269 356
35 216
201 32
129 246
295 289
208 329
8 310
100 335
104 223
270 154
53 266
187 98
160 64
346 122
97 174
205 133
191 118
174 26
159 153
198 283
41 232
268 250
147 352
102 155
194 88
195 90
346 210
237 22
316 299
45 121
232 213
346 69
213 127
313 116
89 80
144 16
241 234
46 91
267 346
345 180
147 106
250 180
160 239
125 158
240 317
59 77
282 235
84 51
105 338
257 98
354 167
115 210
7 58
252 96
251 268
200 116
96 165
355 314
312 50
68 269
307 300
207 271
195 230
284 99
88 300
189 326
128 317
8 323
207 45
213 278
224 171
363 109
6 11
273 278
224 324
101 349
285 241
146 281
140 146
275 71
350 66
200 10
12 155
323 13
220 86
273 191
343 280
218 108
241 261
296 355
327 339
75 193
225 103
316 237
101 215
46 119
15 22
202 196
175 139
13 28
349 132
209 143
319 70
114 4
332 211
357 352
53 167
327 328
128 76
257 165
277 170
175 144
18 224
134 193
135 205
37 352
173 352
297 154
323 281
57 165
111 350
132 305
299 288
106 148
286 101
143 83
275 276
58 140
171 81
259 5
318 346
195 45
257 47
205 252
188 20
26 171
254 255
234 131
186 110
22 151
322 43
86 357
269 187
73 93
289 227
79 83
171 210
337 27
195 133
19 102
315 121
113 362
164 181
186 105
335 93
50 338
276 90
297 187
247 124
124 233
276 201
137 261
63 350
107 173
35 111
146 22
331 30
60 125
63 44
334 57
28 22
49 191
56 343
238 14
308 224
25 182
189 5
266 136
113 299
266 27
54 170
315 119
228 262
107 162
55 73
227 70
119 353
301 201
108 323
351 274
264 171
322 52
231 82
75 155
28 307
339 149
56 7
84 289
51 301
78 295
272 75
173 102
247 227
15 233
163 208
202 125
295 98
211 339
227 79
301 194
326 257
165 141
352 305
185 252
191 162
50 136
341 332
345 342
202 130
30 6
7 129
157 308
106 332
186 356
209 77
72 323
330 177
169 162
51 130
35 348
97 11
235 133
78 134
299 183
174 224
323 61
89 277
221 272
116 55
346 105
256 145
114 253
205 146
49 272
197 181
71 52
73 301
293 74
114 76
333 302
121 134
51 56
132 258
245 301
10 169
33 280
252 132
345 209
128 52
217 15
345 66
313 105
264 248
193 167
200 175
303 215
253 54
262 43
54 137
4 280
360 36
253 252
181 58
312 199
366 126
280 357
356 48
200 214
207 166
187 13
171 343
121 257
86 107
342 193
201 185
204 277
95 124
246 365
147 143
258 150
280 364
317 14
252 120
163 271
273 188
153 229
335 21
23 302
12 24
198 162
55 154
59 47
147 245
361 40
266 40
258 299
223 207
180 293
325 257
255 53
365 362
48 170
88 294
52 287
326 351
314 229
338 210
321 266
302 276
134 75
193 315
157 234
250 188
197 174
294 178
37 250
205 222
351 3
207 270
83 276
229 168
85 179
287 358
162 326
74 113
57 301
122 357
56 278
275 65
166 239
350 88
85 346
244 39
172 145
320 10
107 281
180 241
19 181
331 71
151 127
355 77
138 144
341 34
236 184
104 5
269 150
307 31
236 207
74 318
110 31
316 215
10 236
250 95
31 310
218 132
274 242
331 306
247 51
362 81
283 241
250 305
159 212
163 145
93 133
114 10
332 213
298 286
119 319
46 5
30 276
214 209
293 25
1 309
241 102
165 304
288 139
18 230
111 114
131 80
336 120
246 320
229 264

279 206
116 177
177 21
152 178
178 70
114 179
179 16
39 180
180 171
128 181
181 17
166 182
182 6
131 183
183 55
102 184
184 163
25 185
185 77
70 186
186 162
158 187
187 127
121 188
188 165
97 189
189 93
50 190
190 171
36 191
191 106
64 192
192 20
136 193
193 127
116 194
194 167
90 195
195 68
142 196
196 110
135 197
197 110
82 198
198 133
86 199
199 100
95 200
200 35
147 201
201 1
1 202
202 158
157 203
203 81
129 204
204 3
60 205
205 48
9 206
206 34
157 207
207 75
41 208
208 127
138 209
209 75
59 210
210 3
67 211
211 78
27 212
212 82
151 213
213 2
156 214
214 2
25 215
215 123
106 216
216 171
29 217
217 158
126 218
218 42
63 219
219 131
6 220
220 48
54 221
221 21
46 222
222 165
114 223
223 46
141 224
224 122
43 225
225 118
136 226
226 115
56 227
227 152
92 228
228 174
175 229
229 145
168 230
230 31
159 231
231 23
40 232
232 6
84 233
233 59
140 234
234 168
98 235
235 16
10 236
236 100
162 237
237 171
38 238
238 45
90 239
239 123
141 240
240 77
147 241
241 61
5 242
242 143
35 243
243 134
153 244
244 149
80 245
245 95
13 246
246 142
107 247
247 99
89 248
248 46
171 249
249 166
48 250
250 36
169 251
251 2
31 252
252 144
119 253
253 134
125 254
254 111
25 255
255 61
82 256
256 131
142 257
257 80
24 258
258 38
167 259
259 45
146 260
260 157
39 261
261 36
138 262
262 155
96 263
263 30
52 264
264 87
117 265
265 15
109 266
266 98
44 267
267 167
92 268
268 124
145 269
269 62
103 270
270 50
19 271
271 174
5 272
272 65
11 273
273 74
57 274
274 113
60 275
275 55
64 276
276 103
51 277
277 2
119 278
278 123
26 279
279 114

360 1620
341 52
168 235
47 134
342 29
97 52
121 190
13 131
31 292
235 322
258 221
258 262
189 136
355 96
221 252
356 193
214 227
131 160
82 356
11 160
158 17
294 26
251 219
71 93
91 252
92 230
93 144
115 191
351 294
99 108
27 219
69 135
36 80
99 294
151 353
252 280
248 69
13 6
15 157
48 305
87 240
296 320
254 273
72 265
112 24
40 212
152 88
135 170
10 26
68 351
307 171
309 14
265 355
256 293
259 349
190 146
142 138
327 303
348 285
268 177
210 145
151 57
174 319
19 228
205 230
221 38
77 353
242 109
118 237
283 88
360 299
345 332
56 153
320 195
324 285
108 98
256 21
330 36
131 45
349 249
4 127
173 299
329 117
166 223
116 192
6 355
236 23
224 252
280 115
47 25
177 10
241 53
333 11
307 190
109 140
73 144
195 303
253 50
255 306
240 73
48 77
297 295
228 316
157 189
103 241
336 64
302 67
53 109
349 124
60 324
246 59
321 301
230 289
294 216
7 246
282 294
198 201
271 248
58 186
208 227
281 230
318 189
339 280
175 331
290 281
36 344
187 297
136 36
147 241
94 215
124 303
171 151
177 172
82 227
114 294
228 149
324 203
110 145
96 58
206 51
159 155
128 298
57 116
152 235
9 249
248 159
197 42
71 186
180 229
96 66
206 139
244 122
345 151
341 22
241 287
24 195
190 208
176 121
140 87
206 150
291 197
277 282
174 146
179 69
353 330
279 38
180 236
62 209
328 60
93 185
100 93
52 280
1 123
55 296
243 56
81 181
6 313
321 265
50 274
164 286
93 91
276 26
279 63
49 29
212 184
252 169
128 17
187 139
287 353
236 271
314 24
61 340
177 258
168 134
99 260
189 69
296 149
12 158
344 129
253 345
40 154
204 200
323 257
45 98
48 287
329 188
76 325
351 152
338 306
198 261
182 52
335 227
213 285
34 247
182 219
37 26
354 325
196 330
71 303
59 82
287 343
127 20
278 126
99 120
213 224
34 159
79 70
101 213
156 347
214 65
140 190
85 220
123 25
201 349
106 249
118 284
315 306
284 213
141 263
327 330
93 14
177 243
143 84
187 104
83 249
182 255
189 135
325 146
177 155
348 305
298 71
136 331
303 51
42 64
231 323
343 88
324 221
138 181
296 346
351 252
323 256
200 128
6 279
83 22
17 49
199 258
182 350
274 215
241 8
21 271
151 42
317 339
321 144
120 128
301 213
230 197
68 224
141 161
38 102
205 313
23 278
135 82
156 264
253 331
261 67
7 148
300 305
123 37
258 227
181 210
112 199
349 337
297 347
261 170
328 116
97 230
37 95
178 322
191 271
215 110
203 245
316 121
174 316
103 238
264 32
273 330
204 332
205 229
213 37
194 201
126 354
224 230
335 359
358 81
189 307
228 242
138 198
29 298
177 97
126 92
92 84
187 200
304 1
89 112
109 322
308 278
74 177
279 142
151 279
121 250
230 75
195 210
340 348
233 353
323 54
248 76
222 214
132 156
135 144
300 286
231 156
164 171
324 110
168 189
336 199
100 2
250 44
143 22
310 184
102 245
78 88
303 348
36 195
220 96
119 163
172 33
195 192
271 74
165 14
171 347
38 71
89 284
198 206
189 350
159 12
188 253
271 360
57 78
279 248
68 202
161 35
327 193
150 15
233 30
160 298
316 165
7 291
166 30
27 356
73 332
164 192
76 290
259 281
116 182
34 32
231 24
129 83
242 137
194 36
238 165
58 218
60 202
156 232
122 127
20 309
14 250
269 82
279 153
323 163
142 94
149 40
88 289
188 287
308 3
123 306
36 144
280 87
118 75
341 298
72 281
228 132
232 223
329 177
94 318
3 176
7 55
120 191
357 329
252 113
144 10
243 59
81 180
8 302
66 124
1 337
113 63
276 349
351 13
137 324
9 197
141 138
77 301
19 287
332 161
96 191
132 344
316 218
172 252
196 138
57 255
98 30
189 266
249 154
6 204
110 195
132 126
45 97
211 265
16 86
90 183
73 360
116 138
218 19
142 57
147 21
76 213
22 121
236 88
40 243
150 157
226 194
197 158
17 229
271 301
260 50
167 22
190 205
288 282
73 175
207 320
197 246
217 277
71 150
303 110
253 349
134 50
118 87
303 276
201 348
321 61
323 132
308 240
94 282
205 269
152 167
260 200
337 157
329 259
151 23
300 325
28 322
82 64
83 306
271 91
332 197
178 273
30 260
41 32
121 325
31 303
20 92
225 231
273 358
60 106
243 314
293 357
176 11
53 182
92 151
244 157
317 172
161 349
279 80
214 273
199 146
241 341
240 23
301 212
53 14
18 96
270 258
183 208
174 88
288 294
336 352
274 188
94 158
277 337
133 119
251 122
292 357
6 85
85 255
195 28
214 296
135 53
302 37
115 143
129 149
4 169
189 115
177 30
15 124
75 289
353 138
17 179
19 230
236 139
184 278
56 155
192 325
191 311
124 250
34 37
162 110
20 112
17 226
300 219
261 358
330 181
118 331
235 240
73 288
2 179
265 41
103 57
172 195
161 178
33 259
61 203
136 328
108 285
114 193
139 37
255 250
292 112
5 346
26 4
322 5
197 61
72 111
92 261
294 143
357 75
251 6
179 152
352 41
278 220
135 343
163 195
112 340
65 79
212 199
285 23
88 333
263 185
195 278
286 46
234 359
271 250
259 89
341 2
108 216
32 119
97 26
48 23
90 240
8 314
173 54
84 186
105 219
294 32
87 204
187 215
82 3
122 343
252 124
277 287
286 24
71 180
92 274
262 33
156 233
202 52
222 179
60 232
57 18
44 179
266 270
77 309
316 197
265 78
214 59
204 69
319 217
157 238
344 181
41 251
277 250
353 185
265 149
85 183
90 162
266 252
68 32
200 120
248 295
137 60
110 334
195 76
6 207
59 70
153 13
307 234
132 7
25 203
357 166
340 287
163 318
104 144
292 233
72 70
205 67
79 227
262 10
188 12
280 213
229 259
195 327
302 252
215 336
347 271
239 350
290 248
56 235
113 273
24 3
66 86
64 234
326 110
259 163
81 71
102 10
146 70
40 18
169 255
74 241
294 156
332 39
190 93
60 230
328 203
40 138
102 13
357 283
349 49
314 21
156 317
231 45
41 62
295 219
11 172
175 47
358 83
341 73
2 290
148 325
96 126
77 52
47 60
34 316
182 108
289 157
271 101
164 97
116 33
181 349
75 317
189 301
183 165
192 83
212 158
50 17
37 277
242 127
208 51
182 22
22 26
159 252
246 313
193 278
315 14
107 168
257 36
278 169
189 151
120 130
180 273
159 346
168 338
160 353
89 317
238 304
111 34
275 221
343 143
4 116
299 109
180 23
169 220
193 198
141 297
271 112
64 282
70 352
318 152
38 180
316 123
212 68
255 102
185 30
299 67
321 17
230 245
324 122
254 298
224 265
314 48
177 133
31 4
270 272
360 62
333 69
335 220
52 72
153 93
299 202
327 71
133 301
126 280
296 312
172 45
174 114
358 255
213 157
237 156
75 148
224 255
245 295
357 72
330 42
227 235
319 12
111 174
78 349
210 224
29 103
288 212
308 287
21 72
295 345
43 87
279 341
278 30
255 319
129 255
131 143
223 215
189 323
65 221
223 100
171 2
191 79
289 211
76 189
317 80
266 168
80 215
100 333
100 154
228 343
304 309
18 149
130 292
148 59
79 182
120 61
139 197
161 176
35 52
261 245
337 332
329 109
261 6
317 105
13 315
93 77
282 351
66 128
217 20
40 48
5 291
265 251
131 341
269 354
162 27
293 201
52 43
307 293
18 135
96 69
280 193
229 162
306 215
199 85
337 190
320 274
67 168
192 105
93 46
275 55
243 52
26 25
173 150
177 358
13 301
222 103
238 178
310 40
81 194
49 25
196 344
126 25
71 317
273 142
4 266
301 131
195 356
288 247
131 323
315 280
136 229
9 121
29 358
16 229
144 298
114 334
192 113
68 153
164 255
336 38
234 216
110 24
147 14
241 159
81 163
336 181
30 228
291 69
55 339
154 282
317 254
229 76
14 205
287 17
162 151
309 36
64 3
68 128
166 3
1 217
21 22
116 148
26 195
100 78
211 69
329 50
6 302
249 304
232 280
293 338
295 249
216 353
344 139
89 54
307 251
146 214
262 106
338 187
48 34
339 351
179 284
163 13
271 308
189 139
282 200
308 242
20 174
352 298
241 62
18 315
280 13
7 170
177 240
35 238
16 193
198 20
226 144
337 148
28 181
177 152
61 25
219 232
74 224
275 97
331 332
118 42
160 340
202 243
100 268
72 293
211 278
62 149
97 233
315 158
282 77
157 299
167 140
47 1
75 309
131 58
228 192
158 175
141 77
72 300
218 279
266 247
65 104
250 337
93 229
59 317
150 84
276 103
79 39
335 201
173 222
268 182
34 17
305 191
35 18
351 94
171 25
355 155
211 309
76 154
121 237
50 326
131 188
20 305
117 153
337 8
174 208
177 28
268 352
198 225
61 35
114 263
301 179
162 196
1 159
322 331
21 69
5 155
116 197
173 191
195 293
306 352
126 353
208 355
226 30
103 147
51 89
86 78
151 50
64 220
138 80
253 211
345 114
164 175
248 135
16 125
143 10
82 319
357 119
340 17
89 279
328 142
276 227
71 8
230 21
253 279
189 34
42 189
173 288
234 235
354 299
96 152
149 130
204 35
78 139
245 303
272 285
38 355
135 337
72 335
74 95
205 322
287 166
56 178
119 105
156 149
270 149
246 276
304 133
178 25
127 78
36 324
311 279
139 85
342 206
58 111
333 151
11 159
285 340
320 35
234 34
176 316
180 137
346 68
240 148
258 152
104 46
30 314
94 194
188 259
11 148
125 46
153 144
247 42
200 298
220 72
215 327
328 57
340 267
146 243
172 9
210 340
177 357
128 111
134 85
73 41
233 331
129 335
25 87
137 320
84 57
287 356
289 13
310 112
264 146
67 349
163 315
267 329
69 77
162 42
41 81
248 32
331 69
116 31
49 98
56 294
351 159
279 356
339 114
4 219
214 304
157 333
346 262
67 96
103 219
40 158
204 196
223 56
298 129
263 43
319 94
106 92
75 113
330 203
59 283
207 27
5 262
102 351
317 188
342 4
149 177
188 295
154 172
359 213
145 28
60 233
317 246
262 34
60 88
6 4
245 84
135 213
283 244
304 95
286 323
17 288
22 171
285 196
88 122
33 132
148 6
84 238
174 285
191 49
15 327
3 199
75 111
188 326
206 29
189 251
211 82
74 301
6 281
262 98
304 190
359 316
34 5
275 200
44 353
304 254
296 29
302 23
34 314
235 16
112 293
351 243
282 67
121 217
125 108
54 40
280 21
317 144
102 162
65 93
242 76
188 18
261 53
128 161
170 113
180 42
130 185
114 274
137 217
150 339
159 38
328 226
2 306
174 275
116 65
134 249
65 111
155 132
57 72
258 91
333 267
117 238
190 162
307 71
308 127
121 340
54 213
20 109
234 108
205 349
134 172
282 36
113 348
150 108
32 198
278 351
7 137
257 114
196 198
324 275
58 163
83 354
216 24
229 154
307 183
36 289
236 134
2 183
118 230
63 300
102 180
192 344
31 177
14 332
330 33
245 147
195 15
323 194
19 240
38 60
351 26
287 290
73 293
184 288
294 336
4 11
260 157
117 249
269 217
343 337
244 117
108 86
148 55
351 39
301 164
178 100
105 41
114 252
48 141
87 147
114 79
249 263
285 321
342 71
43 275
244 251
118 99
305 73
346 192
291 10
25 122
281 224
248 109
239 305
29 72
192 143
198 194
98 313
193 337
252 130
126 234
267 175
296 70
101 99
105 352
126 117
147 135
259 276
193 8
63 353
244 279
68 69
281 65
301 143
216 303
162 311
238 79
319 147
117 44
52 326
254 335
271 55
310 340
169 150
99 171
27 134
293 247
276 17
28 356
83 268
43 13
180 145
259 258
187 225
32 152
314 228
188 283
101 188
52 141
237 119
8 299
228 334
14 193
344 184
273 140
113 58
192 124
92 332
258 26
78 124
249 292
130 53
195 160
306 302
315 68
91 96
60 75
321 46
231 178
158 214
71 126
48 167
128 207
33 326
172 36
240 290
257 196
21 163
328 47
129 2
24 221
355 192
177 318
53 94
219 330
227 282
222 3
315 82
279 72
86 137
181 240
274 127
227 37
306 249
314 9
282 126
323 272
270 297
94 166
167 227
124 220
149 298
89 343
307 152
227 42
318 290
49 148
307 194
145 227
23 205
144 106
92 336
293 12
98 180
226 97
137 93
191 278
124 219
348 121
152 73
355 25
92 118
184 143
356 120
267 82
87 248
351 242
209 266
326 359
191 287
86 35
241 34
198 242
294 28
78 210
226 235
288 69
1 138
311 294
334 54
357 266
231 207
94 264
186 105
44 127
285 355
70 218
44 14
156 189
174 196
195 138
17 164
140 310
36 316
113 201
332 301
267 64
165 155
113 346
188 153
97 81
181 342
10 181
357 90
17 45
89 248
327 82
10 346
357 316
231 253
109 331
16 1
30 59
243 356
245 148
230 25
231 357
313 86
9 333
283 276
16 22
206 65
13 276
325 2
53 141
146 353
55 46
130 131
167 266
95 227
151 76
175 186
178 106
159 28
15 357
95 36
230 227
97 11
351 256
103 53
177 326
347 50
184 12
350 29
83 57
249 250
354 262
265 197
174 9
91 215
221 50
207 67
73 124
125 1
18 262
54 7
224 137
178 141
161 195
164 328
265 304
115 309
27 282
135 21
67 355
322 338
198 289
1 17
97 5
316 353
244 195
37 155
176 168
31 175
14 294
209 176
300 265
15 205
236 289
294 173
136 42
139 87
32 139
253 109
236 235
309 230
312 182
221 4
258 14
7 84
47 77
103 32
30 320
215 145
217 306
187 13
7 229
139 255
106 102
270 13
63 35
56 264
117 353
244 287
111 57
323 25
159 104
291 32
353 164
122 161
88 294
325 71
74 268
330 303
80 32
37 105
166 327
318 201
30 8
14 198
240 309
95 232
81 80
319 42
303 236
77 345
226 276
337 180
88 301
165 92
348 300
6 307
354 148
344 17
184 5
222 22
60 213
354 333
342 289
233 195
215 343
255 59
168 253
352 191
190 196
265 19
50 193
251 285
152 198
219 62
274 242
197 334
201 341
229 271
144 238
181 311
85 54
359 70
353 104
54 69
291 309
58 8
294 153
160 157
35 229
286 310
89 154
358 139
182 231
293 288
39 241
334 34

275 164
106 194
194 127
2 195
195 29
8 196
196 185
25 197
197 62
173 198
198 97
102 199
199 29
100 200
200 40
74 201
201 164
93 202
202 10
94 203
203 105
157 204
204 191
82 205
205 54
175 206
206 156
97 207
207 5
192 208
208 107
113 209
209 64
67 210
210 62
187 211
211 158
158 212
212 68
112 213
213 42
140 214
214 168
24 215
215 9
88 216
216 62
174 217
217 17
127 218
218 157
107 219
219 4
65 220
220 172
189 221
221 137
31 222
222 78
13 223
223 186
32 224
224 82
184 225
225 4
35 226
226 168
103 227
227 51
141 228
228 176
97 229
229 83
57 230
230 78
176 231
231 177
17 232
232 140
41 233
233 95
81 234
234 26
49 235
235 91
128 236
236 115
74 237
237 130
180 238
238 127
13 239
239 97
99 240
240 12
96 241
241 26
27 242
242 110
84 243
243 56
6 244
244 11
101 245
245 7
116 246
246 97
192 247
247 59
122 248
248 193
53 249
249 67
16 250
250 118
134 251
251 178
86 252
252 103
28 253
253 99
109 254
254 78
91 255
255 151
67 256
256 7
144 257
257 147
26 258
258 179
150 259
259 128
12 260
260 73
105 261
261 71
177 262
262 114
33 263
263 90
16 264
264 141
123 265
265 178
112 266
266 87
62 267
267 86
166 268
268 116
93 269
269 119
86 270
270 7
61 271
271 77
31 272
272 2
88 273
273 161
31 274
274 190
139 275
275 172

263 164
61 182
182 134
128 183
183 161
52 184
184 151
134 185
185 138
114 186
186 73
146 187
187 66
171 188
188 8
64 189
189 39
40 190
190 160
103 191
191 51
145 192
192 148
8 193
193 9
28 194
194 162
153 195
195 172
5 196
196 26
106 197
197 84
16 198
198 47
30 199
199 179
25 200
200 136
56 201
201 68
81 202
202 144
118 203
203 21
121 204
204 58
32 205
205 11
28 206
206 114
121 207
207 11
135 208
208 125
57 209
209 41
148 210
210 35
72 211
211 12
111 212
212 84
95 213
213 51
119 214
214 162
117 215
215 23
158 216
216 32
32 217
217 135
108 218
218 69
144 219
219 9
168 220
220 90
103 221
221 84
95 222
222 55
123 223
223 126
176 224
224 121
47 225
225 19
22 226
226 10
18 227
227 75
122 228
228 168
146 229
229 119
167 230
230 116
63 231
231 125
132 232
232 105
2 233
233 60
98 234
234 165
119 235
235 75
116 236
236 94
31 237
237 122
61 238
238 12
52 239
239 92
110 240
240 45
111 241
241 82
115 242
242 23
30 243
243 25
123 244
244 32
70 245
245 36
135 246
246 112
35 247
247 108
156 248
248 100
89 249
249 132
140 250
250 128
48 251
251 158
9 252
252 163
114 253
253 29
138 254
254 153
31 255
255 95
94 256
256 28
134 257
257 130
58 258
258 132
30 259
259 83
166 260
260 12
9 261
261 94
48 262
262 50
3 263
263 101

351 1612
233 205
290 84
16 47
272 185
243 21
341 278
277 169
315 106
151 21
317 322
302 163
306 30
266 326
312 248
148 297
149 314
335 78
271 24
312 103
164 312
184 33
276 196
154 111
175 152
269 136
141 169
18 107
75 102
95 107
123 207
152 34
61 56
320 254
225 127
284 86
180 220
181 202
146 28
189 154
262 304
203 107
146 175
243 123
315 326
197 91
54 33
54 208
342 351
60 126
336 100
302 39
287 305
290 160
112 341
268 34
171 195
338 154
29 334
30 49
178 230
172 277
4 112
65 102
28 110
175 292
325 119
110 93
349 17
319 292
174 100
218 194
213 175
320 195
28 268
104 229
112 101
221 200
151 54
210 91
140 293
307 185
290 268
74 33
276 274
301 193
212 183
198 317
256 307
77 282
230 311
215 125
282 138
333 11
42 177
122 131
224 71
350 115
150 124
342 66
128 143
293 209
59 178
97 123
5 18
187 86
37 173
29 99
52 260
235 236
236 323
312 169
224 283
106 312
191 211
123 249
16 119
328 297
221 162
66 27
201 142
299 60
3 90
62 166
230 146
14 5
272 105
211 12
105 68
167 163
173 56
47 52
129 330
168 115
119 27
161 180
39 175
282 22
340 256
268 101
215 291
291 275
316 204
62 312
145 60
76 7
245 318
248 14
21 312
350 220
65 92
309 238
165 169
99 173
172 13
68 78
175 88
259 61
8 294
155 252
42 13
14 115
253 312
346 74
294 282
314 115
226 282
9 154
319 237
107 5
177 215
75 267
101 11
152 259
254 86
276 348
303 239
93 178
42 330
99 74
16 59
235 193
84 224
249 298
196 316
86 137
172 146
83 226
88 23
141 51
200 347
74 194
27 321
51 327
91 147
276 199
45 243
291 248
137 234
336 169
118 44
18 194
285 309
31 250
343 99
54 242
14 266
221 350
60 92
71 113
116 144
232 66
53 92
154 171
54 245
238 278
95 285
208 293
136 300
303 351
187 158
225 327
212 142
89 10
254 257
127 29
188 247
182 6
292 181
170 131
334 264
249 317
197 240
290 127
347 114
67 83
332 5
212 149
3 146
243 108
263 171
285 218
197 104
142 182
272 177
66 43
88 68
108 225
246 288
248 63
263 329
177 69
288 64
164 136
156 79
268 94
153 270
338 169
176 153
178 245
96 195
346 281
277 186
173 121
85 247
199 147
156 70
113 167
297 40
230 259
267 218
202 151
153 279
249 208
29 167
197 235
114 102
222 253
304 239
162 206
148 199
294 290
284 332
128 163
74 325
80 233
207 30
119 136
4 319
25 99
226 251
127 169
92 93
299 96
162 37
24 340
99 130
92 310
184 79
167 190
152 56
124 249
219 96
187 91
270 44
109 252
74 46
24 300
65 126
230 238
89 112
275 16
171 163
192 300
90 17
133 99
344 267
235 89
21 108
135 33
62 260
230 303
268 200
320 210
104 212
164 323
225 286
102 68
236 301
92 42
40 64
116 160
73 152
6 174
110 119
101 133
123 303
41 112
226 44
185 203
79 180
292 89
118 351
109 301
88 12
85 324
16 111
229 101
247 80
104 194
16 297
240 258
348 35
43 154
108 265
254 141
38 36
282 23
284 311
69 205
292 108
339 203
268 245
52 186
17 104
93 72
94 110
107 225
147 288
61 208
300 258
307 157
15 212
92 55
19 273
253 309
266 257
303 73
38 313
301 116
108 181
71 323
296 55
281 248
304 183
129 60
95 3
309 315
293 253
9 123
10 75
196 325
89 133
130 266
27 191
90 172
90 281
97 182
302 103
305 340
144 1
109 273
244 178
9 288
67 127
89 321
104 333
143 163
330 204
22 307
351 155
262 226
30 275
332 47
78 74
265 94
130 194
268 153
87 311
137 105
111 6
38 290
62 19
9 101
166 61
45 90
116 295
48 81
11 39
243 14
133 19
54 202
238 279
52 20
271 298
211 224
211 279
43 5
251 301
113 268
296 252
149 198
25 277
33 152
184 28
221 318
222 9
189 277
300 248
161 137
17 215
112 211
155 282
211 233
194 316
148 228
117 31
191 130
212 328
175 68
197 87
121 325
250 118
224 322
127 300
222 240
21 187
349 350
229 243
289 38
91 254
131 282
24 320
78 55
46 28
266 133
36 20
36 82
115 46
230 69
111 26
94 38
218 265
19 216
72 312
44 235
50 11
108 328
254 315
340 125
3 131
8 214
195 254
215 227
181 319
271 104
262 120
82 154
244 297
69 119
175 62
155 75
197 211
204 139
229 157
302 189
105 135
142 113
253 263
62 283
48 107
267 260
20 318
84 166
34 37
180 4
25 107
279 127
163 213
327 68
211 138
251 342
252 88
254 225
221 61
155 108
250 34
341 329
237 157
55 186
319 188
228 311
322 282
204 323
62 186
241 187
49 167
294 340
48 311
281 308
344 42
98 105
86 260
82 11
175 223
15 75
102 69
107 329
90 315
259 298
74 279
330 310
350 120
208 12
32 239
217 293
201 35
149 254
336 283
299 161
30 19
342 257
269 95
190 341
282 154
32 24
86 207
306 36
328 9
90 329
5 315
66 334
120 282
123 295
197 47
347 47
310 139
318 219
234 36
223 218
244 125
108 215
49 202
303 67
86 305
193 189
346 303
185 286
226 63
176 162
307 290
188 103
81 91
337 302
304 298
119 340
141 14
212 220
30 319
57 131
26 24
213 256
201 214
172 158
66 98
308 273
17 130
37 335
116 133
117 49
6 234
56 274
149 161
81 171
51 25
310 299
148 111
24 53
7 265
282 312
163 23
273 128
185 230
258 244
114 337
97 271
351 12
245 68
163 228
323 289
215 200
48 153
224 304
299 312
318 100
265 120
157 68
180 77
221 157
276 35
190 34
104 319
147 310
21 166
230 36
178 54
141 130
254 174
266 315
167 233
351 348
305 10
155 170
5 111
133 186
254 84
105 184
64 25
161 135
88 143
90 191
42 6
149 75
42 19
82 93
335 234
222 333
145 23
75 271
105 161
45 82
323 135
262 221
304 35
153 207
105 25
33 340
239 66
261 300
30 107
218 260
164 131
243 308
47 342
250 334
141 173
15 322
229 16
103 108
162 75
237 80
114 285
101 86
13 10
348 228
291 103
282 221
250 329
86 270
272 27
163 137
201 26
252 283
235 309
237 73
150 190
28 337
342 347
112 194
76 275
247 129
285 57
235 12
293 229
177 139
295 266
189 121
29 165
158 6
286 91
80 131
248 79
329 265
328 231
166 81
210 247
251 347
73 226
32 132
116 253
45 199
195 230
178 351
52 210
145 91
202 156
102 328
263 289
52 65
126 200
328 159
110 262
203 314
78 87
278 200
22 205
85 104
322 330
91 273
311 161
206 66
207 112
10 297
197 74
76 231
297 169
298 57
100 237
330 35
15 318
72 320
109 250
132 55
61 290
141 202
219 256
114 86
261 43
319 302
103 137
343 37
341 127
70 24
84 207
208 135
8 100
245 14
21 72
174 117
195 272
125 4
275 136
313 317
78 138
280 125
15 268
111 183
89 64
126 266
102 279
115 85
121 138
231 117
36 101
202 333
4 142
246 169
268 267
7 155
165 322
31 51
41 349
242 61
32 136
287 172
146 326
19 44
53 277
314 310
316 22
65 274
139 250
109 222
94 306
300 79
345 261
312 186
95 172
117 223
172 17
10 244
76 2
134 93
275 345
258 227
9 261
193 107
138 227
233 236
89 42
3 77
330 288
258 5
99 283
121 157
266 69
250 78
36 146
165 39
295 210
170 50
79 28
7 222
212 6
31 153
215 27
307 298
185 220
78 273
158 233
198 64
133 278
304 56
149 160
345 128
128 101
37 21
221 131
276 37
24 54
119 114
160 251
228 100
111 99
229 212
172 148
349 37
21 126
9 17
101 160
200 207
329 327
317 74
110 193
77 8
249 9
213 115
4 50
261 210
106 309
210 177
289 137
243 11
48 310
340 217
13 344
55 253
130 212
223 145
303 265
158 179
46 158
312 238
179 53
320 193
108 4
185 322
64 226
282 274
88 232
246 324
235 24
168 239
265 1
337 141
213 300
142 219
221 316
41 78
149 309
282 211
229 317
158 204
290 147
131 279
170 307
265 10
50 349
329 37
275 97
224 221
102 210
26 80
19 100
242 295
14 169
348 229
96 118
116 121
156 74
107 67
144 215
332 254
260 184
100 98
30 269
35 271
73 64
320 242
321 228
20 101
281 60
246 318
305 134
50 335
55 169
312 121
78 175
119 140
300 232
124 313
180 48
202 229
154 320
178 122
169 178
260 31
250 344
233 62
13 285
274 181
277 344
341 310
329 278
114 263
155 331
229 155
178 117
162 283
80 266
61 296
282 55
48 291
73 317
172 55
72 99
202 337
59 184
113 129
299 205
286 256
74 45
282 351
94 343
27 266
101 271
284 302
345 296
143 336
292 75
287 176
329 105
82 242
229 60
123 92
126 251
256 224
221 274
339 270
18 51
40 92
198 296
334 134
123 228
286 37
270 227
181 273
271 78
307 245
93 122
338 131
176 191
16 318
237 37
40 180
108 278
170 128
160 152
188 203
300 90
211 154
347 324
76 190
296 295
47 186
310 182
257 314
224 142
22 49
110 291
322 323
65 213
156 4
198 92
33 273
351 187
182 85
7 90
11 159
311 53
15 91
187 120
80 350
155 300
90 267
341 99
46 235
340 268
75 34
223 303
50 284
31 60
21 137
147 146
48 168
49 318
271 61
310 232
225 93
302 278
195 184
73 1
81 193
228 333
16 239
322 265
157 33
269 270
240 130
188 239
7 48
125 79
72 37
128 316
121 165
310 297
259 38
232 186
13 235
37 229
186 279
45 101
46 141
109 200
20 146
349 36
63 92
273 50
272 73
2 126
293 18
77 293
336 182
172 255
251 69
17 80
333 12
245 277
135 282
107 284
93 278
113 53
258 205
48 275
17 303
54 281
219 132
75 206
148 136
100 222
330 16
241 96
242 315
303 264
342 317
17 218
202 86
281 208
178 47
39 68
225 8
214 234
287 224
224 192
335 244
157 351
243 128
261 289
302 157
325 351
18 227
327 111
294 124
259 66
301 283
138 143
12 287
252 33
133 25
319 151
15 101
315 97
161 142
108 147
88 104
258 259
84 82
28 7
31 10
74 158
351 243
120 229
211 91
254 151
324 294
126 213
82 167
192 38
248 67
102 162
219 31
110 226
186 249
208 166
65 150
196 50
73 265
127 32
192 196
250 13
233 51
74 351
75 234
337 29
248 219
324 152
186 330
105 154
307 284
40 97
332 300
247 131
32 80
231 145
209 147
225 125
322 175
179 129
181 173
78 223
57 196
209 92
246 251
25 15
44 221
210 245
251 349
161 2
3 141
24 337
281 294
32 273
13 284
54 61
129 234
192 321
29 188
251 116
204 134
314 79
68 210
90 99
91 198
297 30
27 165
137 18
34 177
332 123
191 304
326 34
11 336
253 285
168 43
35 125
105 286
268 126
4 11
260 320
313 314
314 168
81 227
62 95
119 154
123 95
110 249
346 249
116 54
79 162
246 204
222 272
259 253
188 205
61 313
136 59
59 344
277 257
118 240
122 255
103 51
268 196
125 2
294 218
150 224
214 99
322 179
107 325
17 10
184 208
103 273
45 130
37 168
24 318
279 255
236 329
157 51
159 267
179 117
202 331
154 246
306 80
14 289
282 153
103 270
125 306
17 156
19 263
337 322
63 170
89 79
56 203
240 237
127 162
30 142
129 207
311 52
40 163
276 249
81 103
93 162
350 222
191 127
213 206
103 109
272 101
244 286
139 279
308 40
77 138
205 85
98 113
177 41
252 349
182 282
223 204
134 226
66 300
235 272
187 225
124 73
236 216
1 101
165 351
81 183
137 56
234 351
308 55
280 91
52 60
135 233
230 41
14 112
235 62
2 245
24 207
123 350
121 145
133 36
200 176
210 206
199 295
183 345
278 246
61 254
48 200
49 97
251 173
141 134
143 285
312 226
5 284
349 84
242 174
216 34
219 63
278 286
100 167
87 124
52 2
255 80
257 196
66 313
315 84
34 302
217 118
26 193
41 49
95 130
117 177
216 41
287 139
237 98
284 158
335 288
337 65
119 66
247 9
51 290
14 271
186 294
6 5
82 74
191 11
21 29
333 219
310 245
293 3
223 267
26 305
204 302
264 32
200 8
335 79
248 206
191 278
201 248
301 77
234 112
71 280
208 160
232 38
50 21
177 274
7 12
48 67
215 233
113 313
204 11
118 10
348 112
344 301
334 54
279 196
313 97
68 230
33 76
92 252
19 324
294 309
22 174
310 222
60 287
246 118
247 124
104 246
340 255
324 302
275 290
38 322
155 162
68 350
142 107
61 280
321 4
267 64
305 277
310 38
4 31
316 326
7 2
122 216
220 234
272 201
319 141
59 260
15 337
24 291
263 124
232 27
218 82
328 121
74 136
261 65
319 293
47 303
238 335
314 167
247 114
49 57
224 83
242 334
44 326
264 116
325 315
96 29
24 159
209 229
229 351
194 284
309 130
97 242
200 136
201 30
91 172
89 268
79 164
49 81
343 158
220 30
204 320
331 287
58 80
149 252
83 72
193 213
122 245
346 343
106 185
59 179
61 86
83 57
273 174
151 69
172 257
246 205
211 151
309 142
76 129
225 55
214 19
147 86
77 158
133 87
281 118
177 5
16 133
277 226
207 298
318 188
36 351
115 309
338 342
140 160
69 198
237 250
327 199
9 241
119 250
150 248
323 43
87 66
218 328
40 189
188 109
304 135
160 65
139 87
30 305
234 219
126 304
349 79
242 139
23 131
291 170
130 244
218 339
4 263
198 85
317 14
138 317
49 315
140 86
86 184
218 56
81 256
126 138
236 113
148 101
313 341
229 94
92 217
40 171
204 268
205 37
121 64
229 175
126 100
146 94
241 273
169 346
65 86
304 4
335 51
79 104
172 11
264 4
15 58
127 257
184 126
157 234
268 307
330 116
279 173
229 285
199 79
22 241
277 119
45 251
326 342
93 36
330 342
99 261
189 70
45 268
265 123
85 346
110 338
115 270
344 128
88 133
141 133
330 206
331 212
170 346
44 157
11 44
284 198
16 49
90 88
100 209
86 4
36 131
293 342
82 193
49 8
175 141
158 79
159 71
183 93
73 216
19 299
205 278
83 260
5 218
10 151
108 8
151 28
155 217
66 75
232 170
260 63
319 65
262 335
84 80

376 1718
14 74
92 16
333 357
141 264
198 374
308 101
93 15
277 312
269 6
176 234
52 98
236 76
96 299
210 124
86 129
107 185
250 157
21 180
297 353
357 263
52 331
180 256
259 358
297 63
29 37
340 304
306 320
71 245
55 266
97 77
292 373
35 69
4 321
318 347
247 30
15 148
185 6
374 25
295 121
79 363
94 262
22 148
2 78
356 200
196 68
159 336
142 184
327 313
83 23
21 256
132 200
339 366
324 250
108 319
54 328
114 46
22 175
315 147
303 7
124 123
362 154
218 150
272 317
37 56
66 175
177 112
41 206
138 365
315 351
214 244
145 102
97 80
83 37
126 197
88 235
246 308
343 348
347 204
188 34
10 347
265 209
212 168
84 309
87 375
71 217
184 78
78 181
7 316
302 343
293 60
130 348
176 284
358 35
142 122
15 232
45 171
265 218
236 277
375 350
50 54
116 267
87 226
124 128
112 13
57 201
331 365
78 188
151 222
33 176
237 48
224 107
4 300
63 372
247 251
86 191
322 321
305 319
71 62
199 5
21 75
351 259
279 344
303 27
289 182
208 349
10 175
39 375
66 172
209 69
17 349
258 138
5 308
209 214
122 138
232 113
74 60
75 48
164 190
203 77
195 110
342 180
297 296
133 231
321 79
187 297
132 33
264 249
216 210
130 75
361 210
235 370
135 314
106 237
165 334
60 161
226 153
228 290
319 62
126 123
10 79
255 6
367 133
311 272
3 67
269 81
259 4
27 274
345 256
47 76
195 207
181 352
202 167
190 11
343 204
204 278
351 370
51 368
14 100
38 94
270 83
24 195
317 13
302 84
267 146
307 11
132 361
10 240
106 281
52 128
70 291
170 55
292 169
282 307
269 76
37 240
277 252
69 303
24 202
107 5
74 198
258 1
207 38
191 247
217 259
371 297
27 14
246 182
252 342
285 30
58 293
371 214
240 144
337 282
148 278
60 61
171 98
300 57
85 35
214 196
73 190
92 187
48 49
375 115
94 66
255 161
260 74
48 287
239 187
337 172
303 101
34 132
22 120
269 230
274 243
332 268
351 112
262 341
228 176
109 371
115 19
73 168
238 216
293 24
98 160
44 36
374 93
76 34
153 113
335 153
65 346
251 204
277 16
372 146
138 374
288 161
235 39
37 357
351 307
305 376
328 274
116 337
119 164
157 348
50 193
304 250
169 301
336 112
210 12
331 69
162 363
12 92
201 109
130 51
6 203
51 120
114 287
167 363
134 47
199 111
179 220
225 337
28 2
67 233
234 129
289 39
148 305
174 80
276 93
243 226
316 289
359 310
349 295
321 144
176 360
144 257
222 10
3 115
24 140
44 234
32 92
313 178
82 178
148 175
3 273
375 37
364 135
249 65
251 232
17 368
328 229
92 70
285 173
301 259
114 82
308 256
76 159
25 321
10 288
159 321
309 372
220 337
264 309
323 72
179 130
127 216
257 135
263 202
246 309
279 212
97 255
279 325
63 104
152 56
299 270
274 192
148 44
160 39
331 14
251 31
23 123
134 154
32 97
34 349
270 362
272 5
37 267
99 100
4 15
152 325
29 1
322 13
348 37
141 47
357 74
239 106
261 372
335 285
31 67
70 26
73 345
54 341
328 26
353 246
136 55
260 152
118 252
142 156
312 18
295 300
64 184
173 197
17 22
54 189
367 248
225 286
62 45
318 187
175 333
182 172
256 147
96 45
322 345
273 123
75 51
62 271
10 196
287 121
256 320
71 340
185 203
207 308
160 76
343 174
54 295
93 173
332 189
280 352
190 295
301 352
201 84
309 155
68 89
202 189
97 116
333 107
7 238
156 145
272 264
41 138
43 154
264 18
138 250
54 318
251 311
10 359
372 321
94 223
23 321
134 273
45 287
50 353
286 27
201 46
149 257
154 259
227 331
163 219
375 20
144 314
53 272
369 336
167 296
34 265
91 143
74 77
293 193
236 220
118 333
235 355
94 81
67 113
112 95
220 68
221 370
142 309
193 110
127 120
252 331
336 375
248 174
285 290
41 108
243 168
63 264
229 69
304 223
123 117
185 231
350 369
11 367
68 159
252 25
180 155
349 39
171 101
51 238
218 8
151 155
246 31
33 322
57 324
234 27
179 195
17 236
201 338
365 201
129 249
209 146
373 57
49 102
132 261
85 43
236 201
220 376
131 335
97 56
318 110
28 221
357 49
360 363
337 77
135 278
305 100
89 151
344 137
181 244
309 47
301 293
290 332
113 186
61 357
27 246
234 198
52 246
253 8
237 281
333 176
127 318
203 211
151 30
263 346
108 153
93 363
276 362
207 231
66 248
232 59
233 179
106 67
161 97
235 123
346 47
206 30
121 211
234 303
200 147
360 56
93 13
81 347
361 365
329 372
184 28
208 285
104 275
12 132
254 115
220 39
330 150
376 307
134 343
104 124
143 47
273 68
110 54
275 95
370 342
351 328
360 320
289 271
80 148
106 34
201 334
278 145
99 1
61 153
8 47
173 342
72 76
146 197
99 296
254 18
263 321
274 103
188 46
49 95
92 255
366 63
363 282
127 333
291 156
255 170
243 234
302 331
344 48
53 288
296 96
225 241
320 102
106 20
325 310
364 279
220 12
84 118
158 291
350 156
297 16
284 333
290 322
195 116
197 211
53 297
58 164
303 305
270 42
148 344
189 170
265 215
232 30
236 139
78 8
190 155
300 2
211 114
344 92
181 257
128 179
96 359
281 96
231 273
88 33
311 68
131 47
246 269
72 351
323 366
128 320
129 118
114 89
95 73
101 146
325 15
127 376
327 287
59 191
172 374
324 262
94 2
137 240
285 109
86 189
222 70
62 186
230 349
233 130
143 351
238 38
294 340
115 98
155 101
213 167
34 196
295 303
64 185
142 268
109 92
202 27
50 87
145 361
39 187
357 340
140 362
255 227
374 98
103 47
213 228
118 103
85 299
358 123
33 285
342 257
235 268
183 100
224 123
233 227
16 322
229 375
62 311
366 340
82 225
89 356
56 38
310 210
155 298
283 324
159 244
90 208
253 292
290 302
54 319
366 125
282 20
87 305
54 101
48 298
121 347
8 231
76 337
308 45
129 195
317 212
215 3
299 44
305 200
91 142
132 17
236 255
91 328
273 109
335 22
9 163
270 249
224 260
275 165
168 297
24 46
333 28
82 211
118 72
201 78
367 278
188 126
280 199
232 192
203 20
42 154
346 363
176 114
56 221
331 168
242 184
48 372
210 337
302 283
268 351
23 69
343 111
311 6
206 360
336 263
260 77
318 266
265 337
339 310
160 105
334 309
106 265
27 322
71 163
244 34
232 191
52 302
196 333
309 37
131 133
38 246
296 38
188 12
244 81
373 56
303 246
277 125
351 154
174 58
94 184
320 149
56 90
203 352
314 357
244 41
187 95
177 80
108 163
1 162
257 216
61 243
209 138
247 374
199 62
364 324
243 96
100 116
176 103
221 126
294 156
132 335
136 302
71 294
24 185
133 308
235 25
73 281
170 254
336 10
374 59
255 364
295 287
268 136
60 253
226 213
11 317
342 329
256 164
294 113
211 287
357 260
32 64
182 108
98 266
26 223
213 325
344 65
169 122
260 266
71 135
367 134
208 277
135 177
28 346
125 261
3 12
209 253
316 219
292 165
111 355
253 259
353 270
249 205
12 36
106 155
237 73
16 370
162 10
89 242
143 146
369 162
145 349
309 124
187 353
227 79
359 103
240 32
224 234
223 354
5 59
194 100
324 298
310 280
341 100
17 374
203 79
23 103
47 365
180 280
266 180
303 9
214 11
289 160
152 51
375 60
19 120
242 339
351 55
46 265
176 364
144 369
319 111
90 101
346 11
129 124
100 30
264 175
84 304
50 141
237 163
224 248
5 45
106 244
341 304
343 44
165 343
221 282
245 148
155 321
232 262
144 360
112 247
363 227
136 50
211 141
308 219
373 353
365 103
276 115
102 252
215 271
45 150
198 210
18 163
130 159
259 106
226 139
100 302
360 51
323 201
222 274
85 122
109 132
149 131
46 64
18 267
347 54
333 119
373 283
195 106
106 230
179 292
312 334
274 22
102 122
267 19
146 118
40 66
95 41
173 282
365 275
22 65
44 86
156 357
15 34
6 158
70 305
299 49
371 367
48 185
124 57
223 295
116 355
23 241
244 277
322 20
145 56
171 338
376 63
291 54
205 47
371 196
352 107
159 247
11 4
1 91
173 157
357 108
55 53
130 310
117 248
262 364
174 360
87 196
154 86
96 52
62 343
282 28
230 131
291 285
274 319
316 48
336 257
38 2
158 94
113 4
326 149
242 38
223 88
7 49
33 1
223 274
317 116
4 354
248 31
54 150
113 61
339 313
67 150
140 352
50 264
55 228
167 320
206 368
245 219
28 375
323 11
222 336
115 365
281 200
121 86
142 361
167 27
195 338
330 349
95 128
226 81
51 102
175 123
113 94
62 17
83 236
302 244
178 95
343 237
164 158
43 241
207 280
136 98
45 88
212 130
68 143
274 143
266 291
227 125
201 241
203 213
277 172
78 194
151 24
64 343
234 11
274 120
321 51
73 197
39 66
28 190
27 23
71 248
219 326
58 31
259 126
85 369
359 317
145 15
79 249
114 148
283 195
48 263
142 10
21 33
208 61
317 32
309 367
215 239
162 280
11 164
107 360
208 278
37 276
151 268
255 285
129 364
270 175
220 128
279 271
51 316
162 178
254 99
364 282
203 73
21 194
367 255
336 97
65 104
47 359
56 341
186 114
189 7
156 267
144 93
227 317
180 48
131 35
353 375
352 45
173 111
347 203
241 50
374 350
308 129
184 273
150 111
249 365
266 181
289 191
124 304
269 57
81 3
286 29
10 1
67 48
216 331
252 236
96 27
299 101
247 299
231 248
234 249
143 331
121 246
195 238
233 39
342 52
200 184
22 44
227 299
45 336
322 160
181 176
155 183
302 160
270 51
363 154
25 26
207 203
64 75
265 222
67 371
145 187
243 82
102 358
309 290
50 133
53 136
293 212
279 1
160 375
34 58
53 313
54 185
185 190
53 82
281 24
12 344
158 139
234 88
271 359
349 206
42 352
8 101
323 345
12 113
270 227
366 328
167 169
355 364
17 11
187 106
116 60
265 306
36 349
167 64
277 85
25 228
45 153
212 151
51 142
312 173
12 104
68 93
57 223
225 187
166 26
107 133
152 302
133 372
234 57
29 322
347 349
97 24
279 362
13 314
312 344
336 276
103 183
272 267
318 279
303 220
141 156
146 54
363 20
164 195
209 196
327 364
171 250
334 294
30 240
53 236
294 206
347 141
275 344
168 126
277 255
274 369
282 234
302 233
31 32
254 187
364 354
292 7
97 185
99 64
312 66
357 3
213 270
124 191
199 303
63 268
288 42
187 118
15 222
131 136
19 336
272 82
76 162
166 376
205 72
288 33
199 181
347 135
138 146
32 38
337 175
375 261
153 301
190 81
173 135
150 37
179 87
256 34
78 241
356 264
107 201
326 117
41 272
325 163
143 172
273 264
129 3
67 364
25 210
209 288
223 121
132 322
151 344
318 109
191 225
242 315
44 371
179 205
257 222
318 314
157 104
123 101
273 257
172 94
57 157
226 105
119 171
286 125
269 27
133 161
64 227
83 321
101 34
346 187
365 184
204 301
231 222
214 370
254 222
292 34
351 138
219 345
351 332
26 69
368 126
56 106
95 229
286 290
309 62
355 103
251 182
279 317
321 369
52 199
71 240
219 350
76 253
313 277
206 290
336 146
177 232
15 98
19 103
5 88
176 373
105 145
68 229
181 125
147 197
241 290
43 116
232 189
303 5
306 372
175 63
287 108
293 128
187 72
157 219
54 333
55 113
206 199
44 230
303 157
52 294
22 160
265 59
11 68
289 173
43 311
298 53
356 323
65 314
89 249
363 61
181 222
241 323
121 3
284 134
34 327
149 118
23 299
210 132
84 299
53 133
12 212
226 59
368 253
370 209
344 257
90 240
124 23
134 310
286 56
307 85
57 272
123 361
256 262
30 61
305 95
126 241
231 325
185 367
167 267
188 71
209 78
203 127
212 188
18 72
92 199
292 116
5 350
104 201
375 159
289 176
168 329
238 141
96 369
151 213
343 39
249 88
55 133
369 313
363 15
355 177
374 255
375 338
270 224
172 360
376 51
324 179
227 18
92 38
254 338
118 344
162 248
93 193
334 142
325 71
224 143
81 221
113 23
369 237
80 344
11 327
158 250
259 276
334 102
170 153
143 243
219 349
340 351
360 193
272 253
311 52
97 67
300 368
96 64
59 52
314 308
156 28
174 359
325 281
117 44
291 195
169 40
213 191
34 236
312 43
190 12
266 43
312 357
331 86
349 363
372 188
61 349
194 136
194 373
215 311
71 25
7 75
121 163
287 156
363 231
36 156
334 345
166 12
318 262
212 119
31 40
289 12
253 307
22 240
2 116
317 1
357 186
215 204
141 113
86 12
369 56
247 59
206 249
197 168
90 370
3 44
258 316
354 319
229 263
84 65
166 123
23 166
316 214
190 86
250 94
218 135
150 158
31 137
225 328
280 216
232 49
267 47
52 324
207 375
197 120
171 280
194 4
183 42
225 208
100 174
110 206
349 335
350 359
376 139
265 141
35 269
306 328
95 139
188 319
44 33
199 274
364 152
365 38
367 125
80 154
372 104
319 254
286 312
271 310
307 335
150 283
269 305
73 286
291 339
79 272
332 89
192 358
285 258
178 252
344 236
225 226
86 155
182 240
186 255
279 207
49 331
358 223
195 331
219 337
183 335
332 80
100 244
375 82
196 234
42 77
65 20
256 190
311 294
356 103
324 8
70 75
258 65
372 284
307 65
74 233
311 196
115 50
323 65
163 85
237 70
246 316
255 28
41 207
215 270
15 349
353 94
262 197
60 30
32 192
347 47
249 219
37 34
148 27
222 230
246 22
230 102
68 325
210 242
107 51
92 242
312 147
183 293
6 14
202 340
281 99
119 135
11 315
88 94
215 101
164 339
19 125
353 142
298 204
144 372
364 266
258 298
187 182
118 372
198 316
240 194
319 290
123 287
286 57
359 207
202 130
249 229
174 217
88 37
268 166
215 98
364 242
185 366
182 215
87 149
170 284
44 99
49 360
237 104
2 62
252 141
90 195
109 363
27 261
338 351
51 139
73 154
166 200
277 256
117 193
181 287
117 263
82 308
178 141
40 267
349 287
295 184
236 298
259 302
264 248
291 239
291 212
168 169
104 177
7 289
104 192
16 311
125 139
93 311
3 51
226 152
137 339
249 105
17 101
42 336
227 107
130 69
98 132
354 122
288 340
145 61
76 6
11 238
140 368
349 59
258 231
248 124
88 176
180 139
169 337
190 211
32 130
364 47
219 353
314 218
151 139
317 127
265 73
123 304
225 203
298 3
101 3
144 319
151 105
11 372
103 319
89 47
161 310
334 113
300 65
46 240
217 147
272 93
260 300
62 293
197 29
58 238
62 99
252 341
36 236
316 39
144 59
376 191
144 325
236 270
185 283
286 255
244 365
157 319
362 199
289 365
94 93
140 285
107 349
199 183
186 216
300 160
91 301
115 163
117 6
360 175
261 103
335 224
263 210
219 62
36 2
330 23
124 369
34 105
181 246
183 93
64 6
328 80
102 280
315 314
262 231
304 41
253 10
231 132
224 186
174 280
188 7
298 374
