984 998
561 37
840 355
152 8
899 236
272 42
267 613
775 219
22 593
740 955
82 36
407 852
483 423
297 403
791 110
832 719
340 150
330 456
221 413
430 357
17 765
880 957
414 829
566 942
163 639
76 895
763 227
686 949
247 907
299 111
562 965
881 516
148 302
785 618
819 828
501 505
120 113
419 961
716 601
298 421
152 15
231 388
972 396
252 436
564 265
377 642
681 965
154 557
36 381
677 713
134 186
373 405
273 874
850 974
676 144
435 79
730 69
166 962
265 977
815 3
336 793
462 494
493 864
104 631
104 841
708 645
529 29
321 315
608 763
101 632
124 406
798 235
722 412
28 955
279 321
262 763
720 403
26 40
225 451
754 130
695 406
105 771
95 698
783 754
283 327
256 779
370 339
568 812
427 367
604 103
602 716
134 933
375 420
814 380
361 79
807 300
521 863
175 896
143 65
630 693
393 427
720 372
328 465
104 848
616 591
973 749
151 868
708 393
216 903
394 113
472 702
605 745
567 177
755 610
396 275
535 137
494 177
383 505
69 865
95 126
712 783
303 231
830 876
91 129
414 32
162 457
959 361
974 147
402 298
11 773
372 871
54 128
563 942
651 910
110 809
587 780
803 878
173 150
325 553
738 435
22 376
888 615
141 771
701 777
958 802
929 539
564 413
921 700
198 184
570 497
24 332
650 887
514 568
36 225
740 126
474 687
81 83
187 916
708 307
408 540
161 954
886 239
626 506
783 316
813 172
395 161
322 535
292 579
474 944
974 823
304 364
722 551
983 106
749 750
274 888
793 518
812 25
553 892
869 659
495 605
949 741
297 452
633 648
485 112
840 734
325 510
275 333
654 293
214 374
556 409
825 979
662 362
655 252
225 883
219 900
789 971
322 408
836 916
71 247
880 748
732 837
369 473
194 671
39 36
449 776
557 103
661 568
832 642
692 443
945 101
726 569
679 973
965 902
294 572
433 862
953 505
713 124
216 686
664 536
513 966
968 447
966 507
224 936
867 878
64 577
924 676
535 707
139 553
94 151
984 506
819 338
344 10
536 718
942 673
750 156
722 604
46 86
268 98
803 34
354 958
381 605
694 731
245 1
518 265
584 32
487 531
589 551
565 309
44 670
867 774
720 142
602 443
971 211
714 226
60 95
855 560
754 739
878 677
208 484
148 533
117 225
401 704
739 97
260 648
924 719
956 579
67 832
889 859
708 310
934 630
616 273
477 249
277 557
68 747
899 933
459 423
267 810
552 503
303 889
801 782
270 333
858 40
633 960
723 422
272 213
375 698
94 51
524 375
976 690
300 328
502 308
131 354
778 369
477 883
935 923
321 751
889 506
478 426
325 378
246 477
849 59
121 374
572 806
897 692
889 266
335 952
572 560
846 147
352 167
977 159
208 673
281 365
548 569
513 585
904 870
471 457
624 914
387 239
685 940
376 712
399 728
377 932
641 603
833 206
777 176
219 38
266 658
662 947
255 866
18 82
521 851
924 217
926 897
569 363
485 453
375 28
226 744
213 829
527 294
166 418
483 252
480 543
846 724
794 490
938 104
333 610
375 394
929 535
80 489
170 944
848 968
948 638
593 898
936 979
962 201
762 11
430 388
955 232
466 787
47 6
343 374
88 383
269 331
975 620
340 375
971 113
958 364
771 256
575 782
303 149
814 647
424 852
313 909
440 515
90 30
10 891
879 359
812 235
677 86
311 611
480 934
3 72
63 245
159 786
327 428
800 51
636 764
247 654
590 230
355 616
683 791
882 723
540 339
675 486
40 668
898 803
814 9
159 128
223 417
337 626
444 677
300 532
307 22
280 763
203 73
281 972
642 416
409 491
87 416
981 485
340 400
39 246
753 59
941 810
818 161
81 872
454 900
825 241
43 286
22 452
866 8
877 847
490 467
97 33
443 359
675 393
363 443
769 263
837 797
94 166
146 567
417 952
162 294
211 854
964 883
714 39
981 290
896 676
915 923
737 5
74 622
503 832
540 187
62 30
692 869
340 818
877 788
191 821
223 319
490 777
283 832
896 388
29 591
19 636
806 936
983 810
365 913
47 916
531 263
506 374
177 312
120 836
119 276
771 415
560 187
155 676
326 208
175 228
509 781
926 379
897 920
927 541
272 516
53 982
764 810
107 930
638 855
376 740
438 802
114 243
143 647
389 935
759 737
660 306
231 822
232 421
831 222
946 320
838 977
687 504
90 916
733 499
250 796
467 255
485 505
370 61
649 75
348 353
665 33
311 897
69 725
432 327
815 529
624 806
904 23
543 905
131 855
917 343
517 580
598 723
82 701
533 383
291 606
154 49
802 574
70 465
842 835
507 67
116 923
532 48
319 733
167 239
850 80
879 62
863 496
193 274
49 437
60 340
337 666
945 333
15 430
438 262
284 627
389 437
612 298
738 284
509 712
314 470
74 40
981 905
77 30
880 622
502 411
273 667
508 772
108 257
832 602
370 569
78 684
909 256
581 696
1 687
326 899
457 880
758 754
436 114
13 340
667 604
906 700
199 866
755 565
447 284
868 490
370 749
883 828
246 155
343 424
874 173
472 8
88 229
975 223
13 906
49 599
691 32
612 319
924 680
798 103
93 549
910 517
48 113
544 795
924 465
220 478
664 71
406 36
716 333
293 849
115 964
952 922
895 602
874 498
916 829
272 406
173 220
139 641
228 598
639 277
592 423
942 208
835 717
163 253
396 793
962 724
204 102
661 670
466 376
492 447
872 136
877 786
165 757
208 441
882 565
878 983
494 427
757 377
966 946
95 71
727 537
423 716
838 449
718 786
555 83
929 360
537 878
234 833
715 501
875 792
490 928
661 588
643 219
609 404
343 111
424 633
388 860
809 366
823 765
788 773
276 97
34 492
377 340
971 239
462 337
462 124
136 579
885 47
634 450
441 228
821 502
110 215
597 733
291 372
529 447
197 345
38 258
823 224
718 462
929 490
175 974
619 391
866 879
400 4
763 367
864 915
1 199
372 910
78 838
608 849
785 918
579 935
282 326
833 638
600 530
878 416
575 838
11 747
483 973
97 487
144 963
538 323
707 107
249 396
327 727
390 653
539 69
844 509
705 381
944 472
699 227
65 959
803 674
769 131
524 58
626 314
769 664
968 266
516 557
881 664
155 17
708 982
816 335
662 508
622 116
846 678
617 166
958 237
164 573
586 5
850 734
488 130
531 287
771 321
191 560
953 800
227 981
174 172
105 16
369 835
167 689
65 74
967 317
244 635
705 255
83 776
715 295
406 546
5 731
417 570
717 761
898 171
773 907
101 14
687 164
591 221
370 445
848 250
402 67
677 305
594 820
863 476
387 963
897 485
180 743
150 645
31 415
218 607
203 904
906 148
877 414
268 714
626 756
801 927
807 739
182 793
529 779
139 964
568 775
725 571
802 447
840 960
242 948
715 867
651 514
163 879
299 96
555 577
142 463
842 372
48 20
708 949
184 797
546 714
941 715
316 351
195 17
66 244
919 471
353 388
118 132
838 473
215 341
966 759
424 28
523 468
173 820
706 442
70 466
592 196
489 950
744 92
199 850
484 432
887 366
751 701
780 433
495 137
143 69
669 890
506 781
943 186
849 165
723 530
569 578
323 899
36 435
117 118
640 306
583 801
204 83
105 887
861 887
897 610
438 29
966 826
683 12
273 145
577 116
721 901
564 716
868 137
1 825
674 841
169 99
333 90
504 186
508 99
650 600
945 856
872 840
45 18
853 336
771 346
512 108
126 71
798 345
581 259
904 889
688 428
176 362
583 666
830 745
733 95
978 678
583 374
27 451
103 450
286 38
110 881
320 345
353 846
65 213
268 463
921 429
580 834
52 428
187 555
451 307
713 933
818 843
521 423
167 436
153 355
13 34
874 964
403 967
180 866
92 777
591 639
718 550
66 374
108 254
666 593
624 761
752 652
984 171
717 53
649 524
18 924
396 226
906 779
915 403
723 895
900 879
282 540
898 74
690 263
531 399
589 668
476 119
33 647
348 177
769 111
149 64
970 753
203 759
539 879
125 691
715 470
66 717
96 773
99 422
982 860
714 797
309 978
687 239
179 821
862 827
474 536
3 770
770 700
635 373
640 947
238 455
797 948
756 564
759 663
247 855
699 296
899 289
887 213
492 593
689 237
575 190
346 172
541 656
427 228
841 954
557 870
975 535
352 742
263 838
889 115
361 406
298 748
529 383
28 271
578 502
135 560
802 204
397 126
289 715
44 22
711 169
627 488
790 380
495 758
77 514
381 885
834 308
122 746
774 57
578 454
834 716
833 935
103 128
593 464
434 267
519 713
208 612
941 953
887 866
225 335
648 638
866 941
621 884
638 684
141 309
937 364
14 32
528 651
119 319
274 642
980 705
361 348
455 356
665 603
601 718
863 279
146 373
973 798
795 543
677 380
56 420
756 372
87 889
74 392
714 158
395 638
856 497
299 777
875 310
390 272
142 908
14 833
958 528
110 547
539 127
488 868
961 769
903 617
