839
132 174
207 631
143 78
89 702
245 674
249 287
798 124
259 366
68 334
322 608
147 410
572 109
115 100
677 446
2 3
672 658
324 724
459 217
285 691
195 668
530 358
72 817
403 130
421 1
706 832
117 481
301 76
191 568
429 695
180 294
170 78
202 114
529 387
302 101
292 436
679 471
150 187
613 589
16 13
364 786
157 62
191 601
275 473
368 686
242 487
138 407
554 392
16 409
479 77
165 612
23 1
775 793
501 24
17 45
450 317
340 834
96 451
335 593
141 235
539 435
513 432
212 589
662 427
386 294
701 409
56 217
56 110
457 8
816 577
428 342
532 719
146 455
129 648
234 250
654 651
94 233
91 86
424 466
728 504
550 206
666 342
168 707
90 261
85 190
580 651
510 197
530 592
135 151
121 829
74 167
141 69
511 313
663 421
464 45
249 393
265 590
230 76
70 16
225 521
26 212
611 35
838 331
438 303
161 157
566 159
60 36
119 715
153 127
582 241
700 230
34 359
32 280
31 183
456 152
383 249
412 167
272 89
78 42
359 507
137 604
11 10
584 7
365 276
288 52
96 337
712 307
52 171
692 142
28 43
607 535
474 551
115 440
64 63
630 305
36 790
514 726
192 609
154 330
298 240
465 104
279 285
148 181
198 541
107 439
323 260
694 421
1 30
495 500
655 94
22 259
675 370
122 751
57 103
536 644
265 259
391 729
606 193
683 445
505 123
42 240
16 150
374 363
627 11
452 523
643 33
284 427
315 242
824 535
79 41
348 302
214 151
6 205
394 188
764 290
321 458
462 732
533 7
526 574
148 85
760 505
4 595
502 54
73 46
51 12
300 110
283 744
9 278
107 376
354 361
200 126
346 756
452 230
2 4
29 40
222 276
531 105
35 3
527 287
59 53
422 283
134 107
101 44
149 115
28 89
320 364
249 671
596 191
648 801
96 441
130 196
54 72
583 769
192 134
549 124
198 165
124 29
16 180
41 676
53 243
482 306
93 396
742 255
508 131
210 417
447 188
64 271
639 410
109 6
747 572
460 430
34 343
350 670
273 209
75 413
536 796
687 147
132 610
600 143
270 93
658 192
26 402
734 730
318 718
3 293
619 162
7 38
206 56
137 731
309 320
312 370
389 28
78 625
36 4
237 262
698 746
61 2
347 75
358 264
612 616
223 248
193 238
403 808
388 47
665 713
50 266
89 138
217 430
353 506
67 231
324 19
284 270
195 44
412 680
329 509
802 487
139 66
81 814
59 433
28 400
13 83
588 382
379 41
52 57
836 446
215 50
188 151
743 145
66 168
313 689
214 232
182 118
653 469
49 40
104 185
778 268
199 576
276 775
258 21
577 784
287 562
154 515
317 252
146 134
162 149
434 232
43 204
47 203
781 109
684 502
804 52
92 264
310 9
497 280
219 392
174 274
146 165
810 459
560 228
234 172
229 211
274 333
156 90
470 400
420 40
83 312
158 327
96 74
58 119
13 27
153 425
83 297
6 199
749 191
320 429
807 6
383 818
50 45
321 371
298 353
550 794
636 361
543 212
75 15
708 777
424 646
200 349
227 24
594 165
78 201
41 17
216 477
373 100
762 176
253 161
3 176
10 126
356 432
225 124
62 649
560 656
133 78
62 211
336 652
372 805
78 570
370 667
98 177
706 576
33 17
399 394
27 242
547 454
759 363
80 17
492 664
295 118
275 224
182 213
11 52
378 579
618 578
199 494
637 373
806 804
130 44
2 738
212 257
46 18
825 399
321 220
200 267
591 554
44 32
314 198
550 603
274 322
54 556
795 749
41 688
579 741
372 182
490 660
53 8
488 475
449 633
803 494
650 711
209 476
113 599
164 71
443 339
538 13
475 75
17 14
154 9
210 101
684 710
3 127
85 93
77 186
244 14
540 83
246 152
247 69
550 811
366 536
274 657
499 272
757 509
42 28
378 548
569 394
782 240
160 189
47 137
48 696
384 65
2 26
117 142
152 71
509 758
391 205
263 149
36 108
375 8
114 95
514 418
129 69
59 381
800 315
369 352
286 190
17 311
1 573
193 73
356 11
76 10
174 352
622 260
256 416
225 524
380 36
13 9
81 25
147 714
621 799
561 225
8 22
254 150
18 6
15 37
387 371
140 26
62 144
98 40
159 91
736 670
632 475
827 137
104 41
207 152
19 118
89 377
53 252
661 373
12 520
306 119
821 42
304 112
44 113
55 10
357 699
503 565
15 363
236 89
28 85
14 755
54 12
383 446
346 329
583 1
783 313
135 448
223 145
343 492
68 44
468 446
585 218
61 87
469 303
516 356
512 17
403 723
12 4
333 791
809 477
41 331
332 252
525 483
6 7
389 397
303 39
635 172
404 44
256 241
290 276
575 97
721 279
328 339
103 123
306 326
491 269
136 336
345 96
517 727
669 439
558 182
145 24
269 15
368 419
149 484
41 63
21 208
80 535
347 629
472 359
449 384
703 371
561 620
187 453
34 67
771 227
709 411
54 401
659 716
283 125
461 243
197 111
65 309
216 104
135 179
146 835
25 528
519 291
176 735
141 467
754 538
638 251
753 64
763 304
160 51
812 40
120 85
423 114
496 307
752 622
446 624
220 178
99 155
72 587
198 615
822 629
2 10
62 788
41 462
88 316
641 392
68 454
839 230
368 144
5 15
307 114
119 277
335 168
302 405
730 656
39 36
578 586
94 24
4 90
74 43
563 529
483 292
18 395
318 294
117 173
30 48
600 697
19 305
237 43
32 7
290 478
354 134
463 197
124 125
260 774
768 310
222 80
559 216
65 10
16 135
580 144
8 1
770 691
65 92
704 218
31 27
690 259
121 100
35 382
242 647
292 257
504 146
748 153
542 368
146 245
70 117
568 750
24 22
289 344
3 6
414 216
21 10
378 222
14 19
444 121
766 122
255 44
260 49
219 390
640 115
132 109
388 717
95 61
20 11
362 137
544 198
178 13
693 244
66 53
466 792
191 169
46 634
32 545
40 166
6 411
128 18
605 493
78 737
183 360
181 342
224 659
642 406
251 182
49 116
571 820
97 163
785 297
122 101
418 298
281 21
636 767
340 201
4 490
136 70
577 129
82 24
498 229
5 2
14 97
295 426
19 100
488 685
69 40
299 313
357 318
518 359
259 733
411 537
830 364
226 25
26 77
19 29
391 564
471 326
215 279
164 480
57 158
745 328
241 193
277 534
99 4
147 66
30 84
431 205
221 130
289 49
105 33
581 698
495 114
645 70
554 823
557 514
331 623
481 765
299 678
280 485
2 9
131 61
95 224
819 347
112 43
708 590
831 793
503 422
532 142
350 244
111 32
291 56
311 578
601 826
88 79
681 226
47 11
62 61
650 497
526 85
58 32
581 194
486 123
207 598
474 139
58 385
169 164
623 725
567 360
25 3
461 780
167 813
722 265
71 228
367 317
338 34
28 299
68 445
94 628
740 503
635 761
173 415
14 7
205 239
598 614
172 6
837 179
104 106
621 404
291 779
110 408
205 282
93 209
226 249
411 424
39 296
268 156
134 219
2 1
194 88
183 517
672 682
787 512
546 828
55 329
