1000 9893
730 856
655 923
438 998
820 841
323 275
640 511
938 534
750 121
454 586
610 660
440 132
333 583
617 452
636 96
913 443
143 506
293 297
618 806
79 991
868 290
692 208
655 460
625 211
290 892
652 582
139 669
967 447
223 971
19 535
147 586
991 309
448 91
605 595
718 882
168 74
22 805
26 168
986 902
139 635
601 308
179 842
309 775
420 96
598 603
693 929
372 775
36 80
878 827
335 196
121 328
704 92
488 709
31 223
912 103
503 47
490 127
145 584
954 430
886 372
267 509
766 395
586 789
461 831
633 342
176 945
230 196
12 271
832 998
703 521
718 345
556 332
522 460
318 619
658 192
474 301
536 288
883 139
828 536
387 834
137 699
428 366
121 644
927 836
175 931
897 145
754 68
348 437
850 851
833 944
411 814
815 788
265 168
565 893
609 905
830 371
815 645
872 453
212 942
393 76
964 509
346 948
184 71
989 862
113 96
371 539
780 739
530 390
379 36
476 840
424 741
800 896
48 997
674 937
986 887
181 663
221 970
646 451
833 200
85 107
416 776
273 913
700 536
632 914
652 667
37 553
675 842
394 979
438 740
844 351
482 248
874 662
909 405
964 960
14 331
317 810
356 784
32 934
108 241
625 473
259 316
477 36
201 269
679 845
315 166
351 684
139 500
272 147
435 577
55 184
330 361
988 34
177 10
585 149
123 818
658 603
405 10
118 587
395 44
135 6
70 494
418 903
111 758
59 923
331 926
116 88
68 219
681 932
385 231
850 21
671 1
360 281
612 915
147 413
354 875
465 66
428 338
177 726
217 545
328 838
20 4
613 131
405 679
635 695
797 348
531 624
234 528
570 214
458 876
185 44
42 367
6 450
501 778
637 288
399 330
603 2
416 360
769 340
25 708
51 580
367 20
165 500
147 89
943 410
612 419
209 496
726 191
375 7
198 516
455 111
597 322
819 786
797 128
621 444
15 199
274 447
883 979
313 547
497 270
122 149
29 423
820 470
677 331
806 33
221 607
645 237
22 913
627 885
296 185
321 794
505 101
527 894
859 838
511 27
863 254
956 972
165 874
439 351
166 573
763 595
835 958
875 125
735 665
944 562
374 547
106 837
185 690
865 16
943 54
723 174
799 269
736 291
867 719
706 851
15 931
987 402
128 845
152 602
3 543
386 397
318 592
634 561
159 128
606 571
945 392
542 963
391 813
488 842
234 338
142 636
953 369
186 256
980 874
674 45
767 674
915 813
683 441
224 546
354 593
999 895
47 694
623 99
20 382
885 932
281 846
742 967
640 387
848 508
898 967
442 511
912 771
929 955
146 455
493 924
464 686
584 591
804 896
790 727
717 909
386 745
614 319
613 716
264 149
639 588
588 958
601 61
531 294
240 99
791 872
204 518
478 189
528 608
236 503
486 875
487 6
848 395
357 534
770 170
178 395
442 372
704 79
942 57
581 263
969 125
54 649
382 10
629 11
747 41
187 153
560 925
561 436
154 834
998 67
176 918
908 351
31 24
125 493
767 770
296 527
315 317
836 137
785 701
128 216
665 487
315 682
124 211
784 499
293 771
73 120
525 900
914 653
570 31
370 9
137 376
798 103
103 745
90 184
830 340
958 873
97 439
501 706
564 238
910 716
698 298
939 76
280 511
372 877
859 512
808 769
476 951
593 449
955 806
706 224
209 568
191 376
708 534
70 635
808 656
56 469
347 598
196 429
117 564
388 508
88 814
763 110
770 756
184 377
956 751
43 718
28 888
216 138
753 997
973 664
499 797
523 841
999 920
361 796
771 339
19 534
494 884
813 980
120 597
890 57
122 431
784 742
179 220
202 71
460 323
689 607
122 286
657 505
623 910
244 877
767 115
496 598
672 585
641 702
757 620
1 287
699 352
97 438
77 413
816 275
62 326
49 132
548 170
97 571
756 21
922 419
447 294
689 116
46 731
747 442
675 41
788 264
443 509
409 701
15 697
148 958
264 563
266 481
358 635
287 565
9 321
356 104
580 167
185 384
848 448
702 447
481 809
246 619
953 456
531 821
768 129
346 949
937 947
294 189
371 538
542 471
251 112
626 92
39 331
904 208
964 668
716 45
170 409
958 502
933 828
331 230
104 802
295 292
668 63
965 619
655 291
805 498
933 141
992 711
165 19
882 743
758 434
672 425
715 461
518 936
443 782
231 881
100 655
377 6
909 485
128 82
520 860
593 890
306 141
36 998
943 811
547 498
478 138
54 710
940 739
137 794
853 825
466 86
343 764
564 727
439 137
903 382
573 871
562 188
723 988
823 39
681 538
336 517
854 859
176 94
825 583
733 214
201 509
20 807
702 799
613 416
210 373
29 687
497 999
918 955
371 954
483 596
730 767
219 126
220 685
900 265
8 581
356 980
253 275
898 734
918 645
6 451
134 171
221 319
647 334
315 801
228 454
710 224
916 285
186 574
192 575
744 124
804 798
161 372
548 864
275 252
61 787
797 159
764 470
643 553
881 22
442 938
229 734
877 226
184 305
946 859
95 165
939 451
340 188
198 182
326 507
734 260
438 705
170 671
549 913
472 411
606 194
470 73
923 228
504 812
514 475
607 316
934 932
866 998
294 583
117 32
64 84
670 994
163 264
353 906
675 677
400 965
684 557
154 252
672 625
529 792
533 944
326 982
129 394
992 158
370 606
794 396
614 261
580 509
999 501
399 515
789 151
828 739
483 658
817 118
283 830
897 62
628 16
660 267
898 384
646 802
360 389
768 956
487 788
811 894
975 515
229 173
485 307
858 319
968 851
208 88
125 349
357 329
604 990
113 989
685 635
63 443
981 676
448 560
530 444
233 580
911 201
61 710
796 287
445 871
197 881
622 25
238 806
477 566
540 788
703 248
389 864
449 86
790 724
517 100
424 333
901 197
902 550
249 440
963 532
223 927
930 695
92 770
878 737
476 609
592 314
166 237
28 198
122 25
588 782
681 244
500 414
528 609
32 880
291 925
700 295
847 688
905 589
46 145
732 624
839 812
642 360
623 885
208 731
153 845
596 231
944 576
891 549
646 526
897 606
116 332
406 152
10 593
920 638
581 262
818 248
585 195
996 771
941 254
10 544
214 832
966 339
714 264
953 720
785 763
439 241
996 658
64 717
642 132
440 620
667 515
742 69
889 919
605 863
231 704
492 960
223 688
542 828
559 902
449 915
86 616
662 501
100 284
379 335
924 80
91 115
241 418
290 241
533 505
384 768
367 855
301 111
506 681
346 990
38 824
81 347
872 122
198 562
215 752
751 802
65 239
872 137
91 575
665 892
242 145
526 831
394 682
372 121
994 279
153 749
75 177
616 285
286 947
985 72
535 676
791 798
672 398
344 239
737 616
377 105
269 97
880 112
205 867
187 760
642 332
11 647
568 540
128 633
79 92
637 578
578 552
457 844
503 740
850 269
137 846
90 694
93 801
556 447
258 278
671 926
619 345
654 872
589 513
777 655
196 386
667 751
733 866
393 775
177 680
270 639
229 148
121 891
882 382
974 278
816 848
67 214
199 461
327 664
829 950
540 527
673 170
69 993
938 222
164 899
748 569
530 388
177 884
911 1
438 988
703 163
544 296
707 292
66 164
375 466
216 329
969 781
125 647
218 283
717 963
657 920
783 232
361 766
347 802
123 907
360 695
708 892
251 447
52 644
652 507
728 113
13 47
839 871
273 322
973 925
230 311
619 249
362 354
895 92
650 871
5 812
961 622
214 942
752 729
699 286
93 99
906 604
541 795
799 299
305 83
433 102
888 302
221 223
849 542
117 132
802 908
328 27
422 837
996 682
188 639
870 71
196 18
859 754
306 718
555 733
615 273
250 915
224 826
850 930
128 541
779 98
907 425
251 723
876 850
308 838
149 358
405 972
299 57
798 45
195 504
327 751
270 135
100 443
617 215
731 75
824 343
843 533
536 75
502 738
500 931
397 590
380 266
476 969
181 158
111 394
179 683
8 307
948 111
215 696
511 705
772 317
55 851
497 435
333 525
463 610
783 95
731 646
532 477
293 495
26 554
632 833
190 889
946 459
85 140
660 633
5 332
189 63
834 308
196 781
323 504
828 289
5 733
923 118
526 17
439 296
835 787
179 791
566 897
109 554
370 396
960 96
518 35
563 957
89 518
383 428
43 648
595 268
634 490
743 188
46 84
140 132
607 477
75 708
870 769
988 63
413 576
362 120
783 934
811 693
723 33
11 941
500 868
162 307
239 323
167 550
831 527
667 376
272 558
241 603
955 227
979 745
413 787
405 895
376 513
312 361
69 590
452 824
557 269
389 427
780 556
488 106
841 554
876 740
534 519
539 875
938 848
595 535
941 639
449 321
603 96
800 320
309 245
848 393
481 848
152 688
831 80
778 428
105 624
449 99
514 969
769 592
665 871
227 50
249 462
203 13
976 267
769 124
155 430
528 572
913 254
329 503
436 445
919 288
667 267
298 442
411 201
505 150
378 908
350 494
278 283
924 265
781 144
451 821
268 293
261 456
757 817
813 639
211 213
515 909
753 682
239 675
554 941
44 595
232 819
875 91
399 371
823 475
236 663
171 413
2 123
934 592
774 773
499 383
177 199
231 908
107 386
275 846
827 141
295 691
908 458
112 619
2 350
561 426
928 915
158 776
751 395
617 851
907 19
158 923
624 788
953 433
275 669
560 684
851 462
121 749
485 116
413 247
536 374
510 537
572 524
846 87
315 541
663 804
266 459
632 350
915 986
180 757
302 928
485 342
214 380
125 815
769 353
220 517
459 327
170 254
206 720
119 305
377 978
581 524
531 795
675 512
60 705
591 679
85 370
802 346
604 594
398 401
270 402
809 622
57 785
846 531
172 710
19 205
756 772
795 956
282 537
864 945
360 973
974 524
146 184
75 98
518 672
482 96
654 96
531 215
914 181
878 642
296 228
596 439
812 788
248 541
869 965
911 736
736 818
787 942
221 310
919 181
588 642
576 858
758 118
140 147
79 942
943 785
358 211
235 164
18 578
75 575
918 81
187 473
893 567
236 522
989 68
75 652
847 90
462 252
283 987
72 150
811 765
495 892
614 194
928 959
824 768
901 900
79 482
779 488
875 643
824 751
452 208
950 115
461 30
48 656
873 102
652 92
717 301
419 630
276 213
668 855
617 105
194 68
581 718
124 431
15 296
988 704
100 384
356 106
484 39
105 302
397 984
113 779
223 474
252 743
416 190
808 848
844 150
807 98
735 295
518 467
133 127
445 829
873 930
750 24
237 59
61 781
958 101
806 152
513 610
532 314
402 163
142 200
792 551
612 232
429 762
730 383
435 25
643 604
181 517
848 782
633 616
406 682
743 727
49 943
448 625
951 906
729 736
209 853
51 86
515 807
854 798
476 473
491 778
331 454
313 855
448 186
467 134
140 288
32 953
566 954
632 794
496 662
762 145
148 370
672 649
502 412
253 538
788 891
587 267
809 288
974 618
150 120
467 559
729 505
621 114
210 958
709 826
729 618
396 683
609 12
936 844
455 780
519 667
921 184
366 564
186 166
187 195
796 53
854 857
176 80
799 72
289 157
31 466
822 507
612 993
684 278
833 978
380 839
290 59
608 34
332 930
686 453
512 312
342 271
256 230
846 143
423 74
544 905
424 791
134 138
717 51
955 642
170 182
171 147
851 853
636 453
723 680
547 588
161 409
237 142
882 69
739 980
425 284
835 329
184 366
899 548
536 874
459 109
172 654
730 160
397 303
420 912
645 89
332 324
407 378
155 453
721 23
69 631
415 927
967 98
680 548
109 886
256 832
222 431
551 568
445 404
431 225
415 556
507 583
289 982
596 495
230 613
286 795
438 339
291 987
106 942
292 31
644 820
500 346
286 565
639 233
628 606
844 947
633 64
64 453
743 191
50 168
913 750
880 871
406 504
75 711
849 744
12 236
196 337
125 341
862 682
396 835
45 826
690 363
139 243
362 904
328 56
628 483
147 319
884 21
421 817
104 607
304 1
324 76
197 986
314 230
10 255
513 204
347 18
958 534
248 486
877 606
272 717
21 334
3 847
996 316
778 75
372 630
375 849
410 855
87 221
751 42
848 507
370 115
426 161
86 927
821 472
180 464
720 197
518 8
276 995
981 674
473 851
285 875
949 388
237 114
77 713
134 129
411 829
564 237
870 778
90 372
493 921
187 786
649 41
463 577
339 591
963 649
583 848
744 457
296 378
259 270
48 831
122 12
878 743
181 637
630 260
446 806
705 236
797 405
459 597
245 76
687 37
448 226
235 42
435 412
705 270
836 560
448 785
748 484
676 153
733 344
454 347
89 590
6 656
687 379
671 646
334 263
368 729
669 853
841 56
463 417
509 154
581 270
135 218
339 455
291 424
495 200
794 273
409 821
138 477
525 735
528 205
712 954
180 624
132 755
11 775
51 965
358 707
840 94
357 393
716 576
467 642
817 739
551 790
219 297
21 723
226 583
99 687
347 537
946 844
87 342
879 234
661 419
332 95
780 52
371 515
246 701
670 307
855 877
291 58
754 64
220 804
886 589
907 956
527 511
160 7
397 742
180 202
330 731
517 53
497 378
746 955
599 473
786 214
550 135
109 173
661 758
187 943
23 285
523 765
431 40
905 397
669 700
711 33
169 394
353 357
762 11
389 757
429 968
835 861
69 353
343 774
576 764
459 976
701 124
64 111
946 69
417 881
552 212
680 937
678 404
353 71
378 754
162 551
575 869
923 460
562 4
46 397
358 163
50 880
269 722
282 367
842 359
591 32
258 276
281 173
907 161
413 952
620 560
736 93
534 384
132 832
573 614
298 616
462 415
928 815
730 631
815 281
161 609
383 955
888 247
617 991
85 721
785 815
366 234
850 847
281 632
245 823
124 424
90 232
769 467
129 956
155 956
695 458
646 10
173 172
801 83
62 587
384 669
861 693
812 693
941 983
787 17
744 914
617 420
47 841
708 629
882 768
24 455
759 74
728 422
583 792
35 798
36 557
511 781
371 553
957 163
27 162
283 92
675 846
347 907
35 751
843 4
882 738
544 103
748 255
680 871
882 629
539 188
23 7
230 713
925 935
322 668
676 499
249 961
73 542
235 242
114 44
206 401
827 357
823 258
384 497
990 497
927 480
499 618
55 37
724 369
245 295
707 219
896 459
898 153
572 864
576 355
528 134
358 425
50 630
298 588
449 936
566 2
270 686
493 479
918 958
81 229
683 665
266 49
592 759
314 293
996 281
427 77
161 812
854 282
447 208
768 241
347 324
2 248
939 120
668 602
924 584
673 180
38 838
864 729
521 360
83 859
502 787
880 260
583 734
844 10
204 195
543 936
378 148
290 990
636 383
97 740
721 97
528 858
601 180
323 955
189 587
201 518
769 788
288 338
161 964
511 950
627 889
222 63
888 951
526 23
832 65
168 119
540 434
464 770
502 334
87 928
663 98
257 935
810 605
97 47
478 487
987 859
605 264
474 826
145 746
923 525
115 516
442 348
597 740
909 232
639 121
240 519
756 621
172 340
858 855
860 521
214 966
699 429
978 412
918 221
49 112
989 939
415 129
272 401
736 150
132 905
22 301
645 930
742 92
465 384
567 3
327 798
698 222
760 907
583 422
599 658
654 977
919 723
609 378
376 515
124 353
919 920
24 95
522 226
996 317
910 581
894 724
552 917
35 187
186 767
885 831
90 83
73 775
539 794
461 408
113 101
281 850
513 655
950 612
294 248
498 927
687 627
284 38
751 892
151 950
383 694
791 646
95 117
557 864
921 97
618 862
974 369
334 838
170 751
602 746
44 798
520 57
350 492
843 983
734 118
245 75
83 288
38 55
763 386
856 224
144 236
428 76
224 346
79 980
282 118
84 958
255 183
757 81
728 841
343 560
201 207
81 609
44 371
724 253
871 126
672 912
37 546
668 247
336 561
353 885
768 694
31 4
720 727
438 14
3 639
150 498
101 320
255 989
695 82
951 196
612 604
816 73
101 209
285 266
512 370
167 810
405 913
542 178
409 598
29 773
878 736
180 663
487 821
879 23
294 427
211 847
952 343
368 558
326 424
427 231
319 989
418 510
555 227
25 640
10 226
705 643
857 376
985 435
551 452
865 837
920 514
316 923
333 979
339 618
281 455
468 846
731 704
866 142
353 410
423 550
6 133
164 470
592 574
666 560
44 892
298 412
227 270
89 305
276 33
375 990
425 791
923 48
282 168
501 36
175 167
142 468
205 864
69 421
723 927
555 409
391 399
819 496
569 703
418 555
71 423
629 457
978 691
26 36
135 906
709 289
33 832
673 582
595 454
117 150
65 291
757 840
872 848
528 12
840 270
491 606
419 141
206 199
104 521
654 879
513 361
931 38
77 362
24 330
613 392
685 107
263 149
628 75
774 291
556 111
52 516
690 997
52 446
732 296
471 436
755 249
793 468
341 920
635 119
960 782
228 46
217 795
270 271
327 298
493 62
299 269
82 919
565 26
638 608
660 770
256 600
194 492
232 118
179 320
843 985
536 959
352 796
294 915
804 964
557 936
338 690
429 521
710 410
549 872
147 764
776 204
10 976
192 915
445 511
156 886
333 182
682 282
758 33
154 339
193 560
429 811
142 432
553 15
476 330
349 244
188 54
527 718
885 83
922 975
425 557
607 685
432 383
452 882
54 730
954 476
711 535
76 241
839 535
399 698
168 472
187 84
553 909
282 320
654 728
537 462
22 262
667 607
750 924
504 898
736 122
422 971
668 919
760 112
449 943
391 964
305 387
842 634
827 258
592 122
817 296
836 92
821 288
767 203
343 60
716 570
589 260
168 284
422 693
99 520
678 786
413 46
713 632
716 649
494 43
901 297
224 539
315 948
299 75
410 992
143 234
584 378
74 936
384 634
361 996
649 418
647 731
905 8
869 327
640 299
562 127
337 591
892 287
345 68
330 784
95 16
646 416
618 891
860 940
238 616
888 841
460 345
839 38
613 877
57 666
65 359
943 4
45 91
625 367
968 759
300 621
9 616
946 187
486 832
862 511
274 636
594 649
168 944
268 98
881 293
40 449
56 560
50 166
954 496
644 596
610 997
83 210
943 952
586 199
328 171
383 655
564 998
391 10
874 218
764 321
694 353
898 378
901 841
610 926
336 741
63 914
155 442
128 241
833 956
945 934
910 808
965 451
487 899
146 254
437 154
854 581
537 73
674 439
893 33
367 474
591 430
189 698
851 533
450 134
750 261
16 708
418 360
493 228
720 296
168 927
281 672
11 507
180 466
507 930
426 62
151 576
133 181
933 926
709 896
522 807
484 686
51 325
175 36
187 901
437 830
14 490
127 423
769 887
540 54
43 630
127 319
265 560
967 465
878 596
390 836
282 853
967 762
456 576
53 802
22 787
357 640
896 840
469 530
382 813
662 867
857 963
114 867
151 490
733 342
709 529
631 571
580 575
12 3
529 879
527 748
344 595
261 876
300 774
821 285
984 611
417 550
257 221
21 172
791 408
940 822
524 53
769 498
926 737
799 125
513 268
381 94
475 153
955 147
629 808
354 970
851 354
375 608
198 997
767 926
56 576
309 274
550 880
422 531
333 172
231 589
237 528
341 989
312 296
519 16
872 305
319 254
507 374
586 703
589 197
466 753
394 274
267 992
548 631
897 425
916 499
518 91
441 981
759 685
190 248
358 946
682 848
440 27
167 113
606 58
285 845
413 312
622 78
232 631
165 439
647 547
344 294
38 30
316 916
227 83
752 498
808 548
97 547
183 890
868 296
725 610
195 926
571 775
592 282
832 297
618 754
915 147
857 906
467 56
70 937
843 235
791 907
740 625
835 863
213 991
876 113
622 629
292 450
295 925
4 478
637 892
446 847
550 685
838 61
73 245
3 158
940 613
575 790
444 372
687 168
874 481
430 195
362 157
314 856
405 399
580 531
429 49
945 138
230 412
503 46
274 175
184 920
81 588
742 315
196 427
129 502
659 150
177 450
492 913
902 821
275 589
522 502
831 576
667 739
286 207
617 285
698 151
303 791
757 493
462 268
104 808
674 396
984 780
997 612
336 459
120 466
472 844
687 470
518 180
884 412
815 786
357 316
603 60
986 428
695 452
51 454
80 95
263 600
621 688
178 480
389 130
566 450
894 975
311 977
578 404
348 54
526 876
568 162
293 503
605 4
653 599
963 579
805 364
423 709
196 789
473 892
313 747
923 110
356 655
825 313
515 808
477 909
689 749
652 503
580 589
691 107
678 295
936 386
19 678
404 664
900 741
944 957
637 768
799 100
892 815
948 745
643 29
717 547
305 966
144 68
111 542
205 613
885 195
392 990
859 552
240 620
131 751
81 936
906 555
227 886
448 633
358 476
620 903
344 698
625 799
242 637
738 598
667 606
999 349
907 834
806 979
975 276
971 865
918 956
261 471
640 658
318 636
711 867
896 154
241 413
479 943
336 439
711 752
103 735
161 188
592 888
241 366
665 764
663 857
261 137
725 948
7 917
447 210
259 1000
688 314
32 318
441 319
177 827
659 139
347 503
343 447
289 306
753 245
271 198
934 386
247 199
986 853
65 443
75 94
646 417
105 843
101 924
939 454
743 756
304 779
526 106
303 55
1 877
477 864
408 793
168 121
296 78
313 880
559 87
892 732
931 724
629 287
351 633
425 592
698 664
573 232
461 526
101 962
905 822
157 821
488 756
433 53
715 603
420 309
519 619
956 327
405 455
372 14
83 213
546 711
247 580
909 887
702 962
284 815
157 599
338 465
861 463
466 857
486 284
324 79
508 316
590 934
837 591
101 187
543 20
797 315
54 227
202 830
150 566
717 498
569 331
839 826
962 362
446 171
564 458
329 959
910 559
882 21
189 411
659 186
615 756
887 627
52 149
513 653
290 542
113 929
773 600
32 457
376 701
294 73
463 578
291 725
470 27
807 773
574 16
32 151
420 774
151 150
192 941
965 558
947 47
187 610
995 661
71 300
148 895
511 37
519 792
888 580
503 903
706 717
709 698
58 620
973 929
762 212
763 629
718 571
511 283
538 165
575 861
64 292
208 104
60 32
698 559
861 49
685 355
941 249
870 801
638 349
127 959
573 494
101 509
581 35
981 843
371 91
193 682
692 274
419 497
257 510
756 430
354 511
816 75
286 99
380 906
463 409
698 99
662 398
811 960
318 336
10 97
926 19
506 976
142 546
785 977
626 961
77 55
495 280
462 149
180 256
175 5
110 65
717 103
935 432
721 108
631 481
928 450
252 402
513 888
164 796
492 385
215 487
569 65
255 930
437 689
812 611
892 209
658 377
77 635
431 68
144 526
161 672
18 107
136 482
984 230
964 836
312 675
866 214
758 424
191 725
892 550
337 456
222 245
444 23
869 850
283 403
545 612
785 53
664 605
460 777
467 95
417 886
87 515
974 530
560 706
249 923
488 701
888 318
154 142
600 370
728 807
209 670
641 688
914 644
274 871
314 968
331 794
941 221
690 351
20 666
724 898
671 901
504 293
361 124
388 725
98 837
564 846
765 219
488 889
343 421
293 848
408 37
168 683
479 549
814 742
582 514
694 72
806 662
517 705
662 426
171 397
546 471
586 720
492 711
12 415
59 560
280 259
345 291
972 840
612 295
770 633
467 447
167 191
770 314
85 274
238 880
111 482
484 314
21 982
798 758
485 697
576 766
920 608
117 530
373 696
946 544
484 615
550 166
562 528
127 382
221 741
424 409
562 739
389 581
763 366
175 212
786 475
792 888
136 764
299 856
653 905
187 283
500 410
61 318
979 295
144 54
400 64
847 484
995 561
452 892
457 454
89 975
571 351
184 949
352 23
381 287
671 322
802 905
345 835
417 350
220 389
794 340
370 16
512 653
588 694
271 668
341 982
617 952
559 837
328 845
727 986
789 960
665 338
940 172
688 221
444 931
786 710
327 746
220 602
872 409
586 438
431 568
612 475
740 144
668 597
962 182
726 327
712 433
826 409
937 666
708 965
74 569
422 119
388 35
597 331
47 878
996 145
80 799
445 63
555 186
434 304
87 750
660 518
612 313
744 687
302 267
161 985
201 660
273 453
394 499
723 635
28 414
657 42
490 269
911 597
202 409
719 412
810 600
26 235
197 386
435 565
6 680
995 557
943 981
16 92
755 601
59 222
170 800
805 933
58 282
98 555
559 650
681 179
111 787
827 66
451 485
738 635
745 333
177 265
410 689
570 403
542 853
727 203
419 562
648 712
385 486
828 846
426 282
925 218
122 653
980 881
358 517
717 66
295 44
579 97
108 575
694 850
60 602
275 64
261 125
797 91
61 783
398 446
682 781
366 370
395 26
886 613
542 273
640 265
793 984
42 980
994 666
901 190
97 507
449 23
674 1000
786 238
844 440
611 415
383 675
969 601
986 985
331 164
593 521
758 333
581 89
722 943
520 709
924 407
54 790
286 1000
256 991
294 699
486 659
895 829
630 58
946 525
954 178
857 846
3 164
852 87
448 789
675 758
602 954
862 360
330 345
295 729
226 406
653 179
174 431
534 506
723 83
707 694
908 455
413 575
965 242
215 503
487 540
439 207
977 319
672 770
893 880
963 382
955 182
453 576
737 349
336 338
723 286
262 110
181 342
859 991
716 636
77 54
560 464
377 868
655 995
363 841
36 510
293 622
829 940
646 34
906 183
694 830
364 693
185 478
114 396
556 827
316 688
722 591
464 355
742 522
691 548
902 265
964 528
158 491
545 320
638 100
993 242
501 493
30 545
696 957
705 817
550 80
957 155
596 589
601 241
359 673
640 563
218 547
230 598
765 815
736 823
517 356
459 740
153 529
321 731
969 343
862 42
700 449
244 965
575 899
157 986
758 456
850 485
102 382
620 255
72 957
749 541
129 298
135 788
915 952
633 237
11 923
430 931
859 639
253 196
698 947
383 577
332 725
779 414
825 556
127 588
301 838
333 253
870 588
546 494
985 822
103 471
703 852
776 939
519 235
888 717
896 176
37 950
332 778
993 576
479 949
195 2
472 701
21 642
281 756
363 821
289 202
932 820
461 372
919 818
837 526
51 624
87 374
807 25
76 229
973 369
96 683
547 548
57 816
480 920
536 23
777 47
889 70
228 271
998 799
711 338
905 681
660 764
347 651
619 691
212 763
319 545
161 579
329 545
240 196
22 524
630 465
333 837
303 29
142 149
97 958
634 143
269 325
914 553
527 866
206 656
939 762
601 495
268 490
625 465
849 997
795 475
598 524
322 779
947 514
128 684
724 82
33 865
412 824
141 342
182 386
414 965
899 310
599 222
504 100
361 317
659 898
123 129
89 974
534 70
28 895
968 354
256 748
733 190
862 578
955 108
225 399
499 88
432 47
533 135
185 696
718 189
756 112
918 699
300 494
393 724
86 571
379 559
361 651
497 920
688 79
483 605
29 857
637 420
485 183
146 535
826 213
883 28
519 90
336 425
851 634
747 701
966 857
73 926
772 630
612 373
573 985
595 513
688 173
228 126
26 935
307 585
418 434
313 216
116 651
462 955
502 740
584 381
472 951
215 705
679 118
536 192
482 336
198 636
754 132
919 564
62 223
246 360
364 414
817 971
88 997
964 782
821 899
748 957
278 390
43 527
445 431
156 806
729 28
28 875
572 510
960 344
448 108
467 312
175 235
850 166
71 330
793 616
294 751
852 205
28 415
892 734
87 956
967 184
292 4
666 265
499 760
945 122
970 337
19 821
684 917
315 218
121 159
672 537
215 376
430 249
272 247
853 150
365 988
580 597
413 602
163 111
36 231
348 49
920 434
258 297
280 785
944 264
124 552
182 136
275 534
499 52
488 803
358 712
263 222
621 818
465 477
698 77
208 305
172 148
945 668
988 790
447 51
833 74
480 549
30 409
802 110
397 906
944 83
436 976
642 519
928 933
920 925
880 406
778 455
531 773
54 434
904 433
578 312
264 976
686 823
104 175
213 275
677 676
894 954
934 349
972 992
856 569
144 661
536 843
603 301
630 639
243 661
464 678
156 100
622 915
201 597
329 616
792 612
591 924
105 7
491 268
143 655
950 821
147 712
173 568
429 590
337 126
106 749
681 799
255 460
992 646
611 124
761 335
905 485
675 923
588 814
485 142
291 898
697 907
740 559
154 406
961 782
46 152
118 64
729 282
883 48
145 313
365 670
519 939
996 980
814 157
193 597
175 493
418 626
538 163
650 825
540 501
300 882
945 355
283 580
486 77
16 185
420 299
794 120
388 993
151 71
681 714
276 362
991 813
23 527
279 609
266 768
950 254
163 152
967 330
888 113
85 855
825 640
922 454
450 455
768 992
54 205
238 286
2 552
208 285
465 130
11 314
911 487
519 162
910 549
954 809
522 21
816 528
545 476
252 428
34 859
652 687
797 62
263 646
342 133
916 732
574 976
242 297
592 255
445 245
69 697
472 141
18 105
98 219
578 81
815 300
400 297
290 885
995 530
903 825
152 846
689 931
965 512
280 679
986 557
398 983
844 643
593 901
575 573
101 970
856 81
72 704
51 608
23 111
615 721
301 265
84 111
254 315
771 121
553 934
525 58
150 41
399 829
326 887
249 778
539 759
610 277
974 818
373 425
948 933
951 6
664 576
920 490
685 214
764 689
429 280
175 852
987 466
276 956
944 431
374 620
30 164
270 727
825 668
163 773
115 60
833 889
896 794
656 642
965 408
328 851
437 223
898 579
186 337
613 150
323 216
200 681
471 432
321 431
564 541
472 557
713 721
937 741
185 392
773 375
603 174
290 725
21 611
406 979
852 647
502 776
912 820
506 327
882 938
602 29
806 163
682 85
114 659
756 870
857 201
109 140
56 360
349 376
834 299
601 204
654 70
969 528
950 962
776 240
607 679
799 732
986 513
572 330
375 60
362 474
948 581
967 299
421 707
266 644
766 611
801 877
161 664
974 620
187 394
391 380
541 373
936 163
496 618
577 695
675 286
343 756
89 973
37 533
2 494
558 73
872 944
615 40
943 529
489 128
269 578
757 311
262 224
393 586
842 535
96 157
210 365
977 283
346 349
510 456
404 61
703 699
869 143
851 396
603 383
896 157
879 474
972 648
384 929
314 302
299 62
63 169
266 397
711 749
124 457
551 836
310 978
404 275
405 582
542 25
637 133
180 506
991 437
533 314
21 534
725 546
872 42
610 738
347 456
623 308
919 567
99 456
337 579
393 369
513 576
398 194
847 785
938 991
702 12
260 231
833 163
190 864
748 826
490 966
307 4
255 346
455 388
57 557
297 126
354 121
796 64
505 131
70 869
36 733
260 797
644 28
204 539
5 710
606 202
40 167
587 15
191 973
286 575
517 360
514 552
754 811
307 474
775 617
922 47
568 987
823 381
628 715
990 470
300 660
27 638
434 596
254 45
680 132
183 115
665 240
573 455
615 76
914 363
980 447
505 537
586 850
791 481
870 26
915 745
272 549
326 744
189 980
798 30
186 839
375 521
860 187
661 976
901 599
280 95
924 664
750 19
930 41
237 953
276 139
793 487
381 464
584 444
471 376
484 997
731 428
697 236
589 6
312 78
151 751
704 996
142 790
221 871
262 607
258 949
658 272
769 937
40 583
956 621
829 729
526 507
263 835
285 903
605 818
507 795
713 141
277 791
332 358
596 555
852 925
986 49
714 922
353 482
136 344
620 352
30 884
109 997
900 410
739 434
377 535
407 122
429 990
400 236
645 490
562 312
139 585
933 431
991 761
61 356
526 278
714 94
651 680
975 149
408 389
118 750
410 223
954 321
679 925
115 916
576 386
760 351
889 189
447 637
785 394
568 870
127 709
295 569
251 525
633 320
210 19
768 707
737 226
208 496
815 624
200 148
533 190
515 479
220 335
868 547
376 949
177 644
860 159
733 903
561 798
389 237
251 656
696 515
470 882
608 351
497 816
388 929
371 747
337 975
68 841
125 808
952 348
385 625
977 255
595 568
962 333
156 308
548 706
328 613
167 148
856 615
934 382
954 520
961 316
389 827
347 673
509 147
502 975
565 291
236 159
786 99
715 75
575 687
955 915
782 975
550 411
257 704
576 802
924 356
65 133
948 610
700 451
26 190
266 737
953 549
321 586
196 610
714 227
73 249
308 880
310 122
826 643
672 723
196 753
114 253
664 675
315 5
309 748
892 997
253 849
491 761
770 83
609 249
498 592
719 116
390 352
836 816
16 821
219 990
917 401
297 812
135 52
366 914
498 314
261 622
780 830
177 343
592 626
310 213
764 107
646 851
404 189
479 550
775 117
395 361
820 529
877 544
352 929
882 374
353 273
959 462
74 300
52 298
880 759
169 626
721 77
995 442
386 338
548 742
950 694
679 76
114 430
982 991
119 131
29 183
985 353
983 314
877 979
659 224
878 468
915 74
934 410
592 77
477 635
888 226
265 257
913 413
930 533
713 899
878 327
626 420
406 562
237 560
637 505
801 288
749 42
261 485
789 105
597 150
429 516
308 647
556 164
40 829
575 707
615 534
248 576
209 846
249 233
675 965
353 155
425 886
10 940
743 434
134 926
247 547
468 188
911 626
114 852
995 677
45 726
743 259
781 159
196 582
692 579
549 198
552 182
952 752
244 842
886 265
615 837
589 874
435 587
732 357
867 588
580 627
338 130
447 548
16 130
880 961
79 169
240 965
139 204
399 566
845 546
295 449
244 415
157 480
249 519
98 511
280 981
893 935
159 295
452 307
237 579
845 772
59 883
284 662
210 509
25 616
239 122
521 551
208 230
336 427
464 112
836 488
30 419
52 415
732 265
824 387
868 985
831 215
843 525
534 994
189 627
464 414
85 322
307 530
927 721
159 541
664 311
101 913
118 394
526 989
949 474
290 617
50 48
114 293
721 331
260 81
562 481
75 82
421 162
460 392
388 445
907 843
530 130
18 530
56 261
118 199
606 312
347 951
903 768
390 861
928 454
892 617
549 920
630 221
978 594
524 714
232 944
395 902
724 1
887 599
560 642
675 735
550 653
790 252
409 151
943 982
196 713
141 376
54 699
845 740
212 999
645 824
832 977
941 145
8 356
681 748
993 194
889 785
448 601
508 457
150 238
931 229
962 928
120 304
506 841
33 335
451 72
767 630
806 834
552 637
148 104
208 307
336 504
924 665
963 787
765 147
938 493
647 391
7 868
949 678
51 652
821 145
918 702
132 205
648 553
557 551
6 311
725 709
411 645
730 109
792 328
562 866
891 146
426 741
990 714
657 975
472 179
942 229
977 606
762 796
66 791
711 165
275 691
145 140
473 783
327 156
791 781
784 131
430 351
427 155
524 543
784 756
770 955
615 687
671 617
374 379
16 413
184 675
666 363
595 323
758 826
580 661
84 964
140 118
374 979
606 961
426 903
44 474
500 52
159 207
452 951
951 399
129 380
350 207
900 991
228 670
687 497
908 450
642 50
970 647
457 808
576 306
202 622
289 743
487 764
915 663
642 165
550 794
314 18
802 831
620 602
785 683
201 444
40 920
408 66
599 844
466 968
299 232
263 333
121 870
341 541
290 493
186 298
295 124
700 705
650 93
209 251
1000 154
232 36
640 91
180 268
199 480
56 786
57 63
740 196
833 558
194 224
88 611
450 22
437 268
613 931
940 405
209 421
483 194
928 309
161 346
60 630
976 449
351 475
562 774
544 261
172 702
912 857
878 687
786 697
445 243
48 835
69 679
605 789
967 146
719 787
616 262
834 197
857 28
217 253
685 991
838 276
832 349
260 990
363 69
933 497
862 41
19 657
258 171
41 201
979 507
260 621
176 608
509 484
45 411
862 440
776 387
248 370
68 421
408 853
864 332
258 461
151 378
210 978
799 318
286 391
892 998
895 385
456 430
477 360
261 843
818 356
177 453
305 264
551 751
744 606
864 25
622 638
78 7
794 380
617 823
868 875
697 933
699 201
972 960
617 960
428 353
512 340
694 76
608 141
312 442
793 547
65 646
318 368
263 433
450 344
623 913
828 881
704 783
891 399
753 482
497 172
294 617
798 984
983 324
384 660
151 534
27 492
155 723
542 477
203 239
241 48
204 188
309 780
133 136
910 464
697 261
554 390
166 64
999 817
504 717
566 737
880 344
950 832
792 606
801 400
549 786
867 450
917 798
807 606
766 903
994 919
992 576
331 510
923 18
835 830
50 90
32 945
233 482
479 15
438 541
61 314
979 299
302 60
743 138
754 773
244 843
850 406
32 671
557 546
978 288
743 224
176 874
884 775
44 305
339 231
376 161
249 661
548 97
487 695
14 829
475 343
315 270
312 30
580 274
466 878
489 23
141 646
625 995
116 210
334 137
945 996
413 774
395 263
113 636
222 829
594 5
245 867
214 466
706 584
554 251
555 498
78 317
959 412
855 95
145 581
569 306
437 418
106 236
579 393
239 955
879 186
864 609
830 282
190 181
932 442
910 658
731 499
949 424
887 204
209 493
123 99
454 905
117 577
27 377
670 413
619 451
752 416
768 389
408 374
814 123
61 922
990 777
937 131
95 175
275 28
910 206
199 893
899 859
313 778
463 824
818 793
465 350
494 826
443 804
64 63
118 998
691 74
28 936
370 995
870 943
384 277
288 789
418 732
934 700
519 614
496 904
188 822
961 754
410 360
504 387
163 16
186 211
816 326
48 208
603 526
314 127
847 139
286 138
563 576
547 71
515 485
737 309
835 382
479 744
470 997
150 400
124 676
81 58
579 327
197 740
275 358
497 778
578 533
878 415
327 155
510 708
973 212
647 279
996 139
924 952
910 767
381 617
932 847
351 337
153 652
268 779
858 39
17 525
273 667
937 588
955 791
227 172
661 882
968 650
273 820
874 928
658 346
564 100
382 667
852 927
677 276
770 662
952 877
99 196
88 115
783 344
435 198
308 632
903 871
724 320
227 360
501 73
467 217
862 845
576 887
259 165
467 70
552 565
35 394
51 781
19 741
510 785
959 349
482 179
430 169
144 114
308 781
573 263
810 715
512 33
692 683
508 520
269 678
853 984
893 667
324 138
58 314
331 962
10 441
138 370
11 960
693 740
964 194
224 925
336 711
210 748
279 723
585 436
289 855
306 655
428 382
431 809
380 903
988 838
238 285
366 214
629 596
479 605
618 455
176 382
530 869
271 833
807 275
220 623
404 358
265 184
530 756
52 336
470 227
589 134
988 612
6 385
816 829
47 607
876 150
929 114
972 944
185 482
42 445
229 937
856 208
582 999
598 896
891 177
543 984
877 126
481 597
522 709
527 116
877 15
290 769
165 147
631 32
189 13
248 695
728 321
415 607
209 864
468 43
861 940
329 363
517 352
459 664
188 442
173 426
70 50
933 496
934 907
889 396
504 878
471 757
896 810
917 588
335 91
231 90
602 922
70 220
267 408
322 965
35 132
419 37
572 997
274 864
613 915
478 704
562 143
410 416
139 162
586 793
483 219
219 976
537 507
21 202
500 815
461 708
1 297
181 404
110 554
827 398
132 840
647 155
785 499
58 48
633 444
962 538
101 254
575 85
638 943
785 807
716 680
613 84
171 384
941 668
27 637
312 298
24 158
940 340
318 448
946 921
530 728
505 683
547 603
142 861
803 549
860 562
699 628
649 25
647 514
350 851
21 977
762 627
264 122
986 891
754 239
402 152
425 201
118 334
526 225
30 912
218 400
610 942
485 902
786 69
553 342
383 207
344 689
302 570
101 922
463 807
619 981
356 693
89 278
790 500
330 742
283 370
305 798
35 501
382 796
795 479
118 778
657 466
714 5
341 59
117 194
710 89
89 929
58 656
871 799
210 951
616 846
180 867
953 677
334 886
426 751
962 813
101 431
482 675
320 277
953 534
507 962
832 661
647 855
673 279
77 263
371 22
297 927
281 258
889 597
711 968
293 928
305 388
133 646
358 643
141 871
860 55
384 108
815 543
393 954
727 147
693 367
518 138
351 410
918 656
707 95
897 20
110 2
61 582
264 824
526 560
692 344
200 618
699 656
630 740
233 189
522 955
797 227
66 111
694 661
627 690
350 847
873 534
203 346
950 946
535 512
635 124
411 118
433 530
92 817
274 450
937 130
522 620
782 26
506 171
624 919
493 607
97 990
577 84
27 55
800 747
875 331
710 303
770 981
900 304
518 899
466 380
249 116
992 261
714 214
847 342
494 938
316 414
889 68
38 69
598 556
212 223
589 955
41 913
461 520
335 19
728 885
675 686
179 575
130 201
408 475
651 425
83 219
55 1
976 750
747 749
153 9
409 951
986 303
729 766
270 880
514 18
182 140
521 790
480 364
408 662
56 683
223 833
982 563
867 985
764 619
16 342
432 862
380 892
306 891
664 857
665 384
480 586
462 334
724 677
945 656
702 512
974 293
892 722
302 914
623 6
490 382
733 578
661 293
18 460
915 166
38 779
167 237
61 618
635 845
69 943
837 821
531 886
18 351
735 510
117 947
894 777
222 342
226 781
764 269
326 647
166 137
42 139
722 793
820 119
985 121
624 791
41 49
630 285
596 421
585 652
820 301
643 477
952 989
202 196
146 514
265 906
571 734
164 152
572 269
754 616
614 656
737 827
884 702
991 762
853 703
193 553
396 458
549 156
733 431
53 973
659 443
831 998
100 42
619 72
196 303
602 822
258 406
477 351
64 681
504 416
654 744
90 584
200 8
634 601
429 321
771 618
620 784
8 810
57 249
85 708
896 169
317 626
955 374
793 343
480 598
85 693
780 635
489 264
642 628
994 27
938 463
775 304
483 486
891 485
414 856
54 483
293 617
241 296
388 819
195 331
399 93
38 823
510 880
574 837
423 875
337 750
991 19
136 138
617 439
29 321
364 848
865 861
5 488
728 118
357 969
530 185
235 709
762 490
844 473
259 341
673 413
469 364
640 520
274 266
886 151
230 356
34 507
583 77
765 810
714 780
182 750
257 709
844 703
563 33
984 10
235 112
252 818
435 338
255 125
654 647
740 975
447 815
710 227
412 930
126 490
399 904
421 700
15 276
103 14
138 758
197 69
201 2
331 643
280 687
819 939
705 402
624 334
148 494
301 773
918 776
81 581
978 461
871 154
528 4
676 900
873 306
94 271
304 115
570 370
988 5
112 784
244 309
449 987
619 275
354 72
82 331
368 58
929 322
950 504
589 280
38 742
3 865
63 177
595 183
777 999
461 374
485 878
872 419
868 951
156 283
583 604
858 109
252 460
878 104
790 990
368 721
228 421
986 201
536 792
83 823
530 266
860 849
921 959
955 975
904 171
248 869
669 885
999 722
265 663
360 531
350 9
65 482
502 89
201 738
535 733
867 181
852 839
340 19
469 497
553 486
672 433
316 4
619 869
396 172
239 892
258 141
656 736
574 415
813 701
335 393
304 467
838 16
970 104
623 950
737 867
115 563
408 593
407 669
432 375
253 897
783 806
272 128
555 923
849 762
79 5
427 556
652 163
358 68
776 671
616 990
633 860
833 895
31 452
551 653
642 875
336 640
483 755
176 217
552 644
209 149
11 233
216 837
197 526
200 318
147 281
42 705
7 893
500 593
278 163
312 197
522 70
150 783
337 788
449 370
357 345
394 469
472 525
694 840
364 619
717 41
60 812
80 50
674 163
461 491
262 740
800 731
330 550
937 598
937 665
703 123
160 233
549 577
518 324
444 863
156 29
618 976
947 826
363 451
200 841
60 481
846 704
762 775
251 535
285 592
605 271
8 235
515 59
658 93
914 243
572 507
721 729
559 391
678 235
496 349
454 704
410 37
150 2
717 989
666 274
244 826
316 415
535 67
568 624
606 1000
942 175
684 914
225 83
932 11
412 793
767 63
388 214
201 218
457 160
644 604
261 880
867 621
941 142
580 594
157 703
214 816
954 363
35 222
846 309
873 377
12 373
253 135
793 88
858 638
822 477
771 625
341 661
295 196
152 110
461 220
158 68
539 667
242 973
940 142
618 368
659 462
532 64
897 325
772 818
901 373
815 723
584 271
205 712
833 496
462 920
786 966
143 71
626 9
679 17
781 705
21 128
94 386
648 778
88 855
812 712
621 470
902 530
743 640
817 539
583 987
450 757
764 373
307 100
610 855
347 871
791 782
709 19
680 665
522 726
38 295
648 503
79 697
500 482
320 24
448 77
819 110
87 629
348 686
19 630
614 657
420 114
222 802
975 224
334 664
306 329
150 62
481 213
83 9
818 236
286 430
469 892
951 392
922 190
121 303
853 998
839 727
93 977
684 660
685 237
16 860
552 318
901 917
573 600
831 596
250 827
600 554
563 606
859 823
551 597
771 621
702 707
977 320
250 990
237 520
148 15
707 248
543 390
570 32
919 951
171 55
82 646
873 145
218 70
458 681
460 15
777 859
794 987
216 103
981 731
947 551
582 842
532 203
609 1000
798 882
893 400
768 289
734 908
660 887
809 603
517 170
522 880
905 72
281 934
191 367
13 635
576 745
939 345
835 707
322 381
469 250
819 198
934 92
421 103
848 797
960 743
613 531
193 200
446 650
862 242
442 729
5 649
860 156
913 96
986 566
715 476
807 516
334 986
465 857
100 664
800 318
875 274
827 333
576 853
979 272
619 777
377 230
305 833
838 53
899 435
602 640
743 360
357 573
797 365
988 369
127 903
745 307
235 302
222 568
758 926
581 127
999 416
587 243
401 676
16 952
953 617
609 479
607 828
322 670
744 295
907 40
846 202
298 737
769 303
585 295
573 862
703 787
924 732
203 565
663 845
797 507
671 454
324 563
916 415
87 268
636 327
539 733
764 140
686 880
284 496
968 629
271 234
167 261
432 583
122 784
907 978
621 458
144 49
498 559
507 967
91 644
895 925
537 895
184 401
445 502
139 695
87 801
571 680
50 234
204 579
23 25
687 118
874 555
396 173
292 494
960 16
247 684
103 57
948 753
88 506
266 748
382 252
743 29
106 226
736 277
220 126
75 677
3 384
348 928
84 733
766 465
72 189
415 151
608 991
516 706
68 201
486 360
858 904
971 904
812 184
580 172
160 703
644 594
768 830
73 678
147 427
112 908
295 291
150 546
872 738
543 457
929 365
379 402
897 207
848 379
388 982
262 955
72 377
248 25
994 828
225 845
579 394
964 432
734 810
147 246
510 830
565 74
9 249
289 345
181 987
424 544
170 76
427 439
636 79
230 114
588 170
652 847
924 228
123 469
751 735
95 27
80 480
557 882
963 551
820 420
342 928
291 654
881 146
354 295
536 531
152 796
728 315
725 276
217 314
53 676
661 933
631 923
556 600
16 294
472 360
520 150
456 986
378 862
370 549
681 421
934 977
728 968
981 410
503 810
406 564
126 291
438 879
511 367
974 589
611 949
461 518
582 118
514 206
328 325
877 20
934 691
991 934
116 492
687 473
895 346
607 598
129 20
858 716
140 771
144 326
22 315
278 657
409 806
196 122
993 928
334 232
407 191
655 758
418 159
437 225
42 531
613 344
405 899
470 875
272 824
687 511
257 405
565 790
397 900
771 25
741 117
949 24
998 767
69 941
235 819
734 913
181 831
511 536
863 311
792 332
92 984
865 823
810 80
631 168
958 40
636 194
179 387
697 322
511 894
43 720
725 404
285 563
344 113
256 807
958 266
544 74
799 770
486 571
123 735
855 646
145 17
465 892
230 572
250 214
39 426
130 278
205 882
792 951
425 690
279 187
265 793
736 512
1000 841
632 241
456 295
109 659
771 144
25 278
23 807
444 472
338 183
211 63
413 647
359 207
508 523
277 714
544 205
275 858
644 561
874 716
686 76
122 425
803 144
396 298
235 466
880 525
831 350
936 783
667 609
928 943
763 984
289 763
128 807
521 816
849 483
614 173
286 216
380 787
474 344
242 780
833 919
206 915
637 501
673 959
989 681
78 376
483 488
195 444
893 333
974 708
895 152
48 650
278 79
364 684
171 212
137 68
755 183
449 426
786 515
114 278
228 274
530 292
143 459
575 970
648 807
446 312
947 885
624 678
171 803
800 81
505 205
805 448
808 444
809 901
10 500
888 906
579 559
467 265
718 978
113 385
776 169
562 326
196 984
677 23
952 618
297 347
227 898
545 387
477 66
150 104
597 817
357 572
575 241
639 170
110 860
537 734
540 471
317 618
871 7
174 205
219 932
289 333
934 763
814 925
706 890
823 209
884 33
560 951
667 589
854 841
598 935
72 17
534 415
976 583
922 437
172 52
674 274
172 203
724 616
12 540
111 981
824 618
932 605
729 33
791 275
523 104
228 242
854 666
216 794
177 564
87 41
371 714
357 291
696 659
604 996
164 937
659 244
688 279
119 233
892 47
289 188
699 649
721 209
777 199
726 162
857 305
158 462
899 564
256 594
377 724
88 865
986 838
769 916
665 811
463 514
728 433
88 784
288 210
571 973
611 476
593 569
613 566
815 206
585 761
412 371
627 870
938 775
886 241
62 407
636 1000
838 372
785 120
821 776
572 320
795 35
762 50
908 834
835 802
178 99
72 738
294 679
117 94
239 317
838 22
876 221
886 258
391 378
84 545
468 415
995 29
589 869
131 841
585 476
771 889
735 584
138 443
685 163
923 594
46 295
139 195
965 179
567 131
129 41
862 581
556 400
991 867
371 106
525 651
799 60
571 53
746 12
335 636
157 364
34 217
272 590
419 433
615 405
964 147
931 298
953 358
778 91
162 932
928 548
266 439
660 91
523 229
467 935
428 615
181 937
960 868
247 440
450 90
587 519
91 852
148 963
705 720
355 971
877 946
324 822
663 598
8 399
905 135
816 550
584 206
38 95
810 12
95 26
5 302
333 913
407 142
9 811
748 816
472 75
308 753
847 908
313 669
429 165
892 503
360 640
382 605
493 604
187 593
776 146
942 739
726 650
213 813
724 653
516 220
40 173
919 241
79 852
634 29
874 524
321 644
396 82
307 345
518 785
579 309
282 25
433 211
552 151
685 485
740 784
317 545
301 476
504 24
225 703
771 196
495 986
81 626
974 679
236 582
211 256
545 630
340 612
721 417
76 642
936 931
296 514
979 775
451 190
567 20
201 395
239 199
896 46
870 495
284 966
358 723
16 528
394 321
183 412
646 796
315 524
262 21
390 222
626 978
823 684
702 519
777 940
358 573
473 630
458 691
534 528
177 706
924 948
543 706
323 295
677 732
604 940
787 372
489 680
534 899
958 207
911 223
470 421
381 743
19 79
534 882
924 858
946 702
88 682
948 80
397 758
242 399
795 943
36 537
570 561
493 171
78 840
248 671
155 445
998 937
640 559
492 90
347 889
259 395
23 354
249 315
784 602
32 799
160 324
184 586
460 910
829 38
693 199
905 494
778 868
448 79
981 347
32 910
605 607
865 498
442 549
230 316
977 276
670 953
396 118
182 547
148 759
149 666
576 250
905 712
62 883
715 737
779 652
107 369
755 573
455 827
386 350
634 642
699 450
59 99
741 579
462 28
175 697
513 282
613 409
917 751
671 57
875 658
533 184
614 61
528 493
376 955
860 149
328 830
475 945
883 44
923 937
820 571
323 229
363 944
627 51
742 216
958 905
670 29
531 697
384 798
759 679
119 260
748 692
603 91
252 427
824 284
327 315
399 94
792 314
133 14
872 104
87 475
233 295
459 80
113 12
411 789
458 280
350 778
612 249
121 460
192 740
53 378
229 695
433 718
587 301
368 485
773 976
730 200
522 592
635 57
431 60
696 163
633 712
117 295
477 436
464 935
799 737
361 781
913 314
644 978
260 987
338 487
815 11
249 64
729 206
787 554
884 622
813 598
409 304
411 462
322 831
552 192
790 206
59 304
921 397
889 1
83 438
232 796
582 44
378 518
988 371
550 718
275 776
940 750
552 510
491 954
576 635
663 282
63 766
306 589
736 250
520 747
760 240
707 555
570 369
20 786
24 341
215 241
586 999
38 650
194 908
819 855
159 478
698 12
560 101
172 859
854 667
806 542
698 511
321 416
798 946
802 401
731 125
33 668
204 475
703 427
389 103
427 316
265 41
569 578
768 144
976 551
955 738
63 481
458 429
518 351
649 28
844 342
389 793
13 925
87 620
181 743
792 564
939 327
905 251
878 312
881 244
368 1
888 824
657 795
658 116
924 478
62 404
445 500
763 377
327 367
128 66
296 92
541 602
193 500
236 302
737 759
844 557
828 170
188 201
729 347
895 66
201 82
629 434
166 656
478 390
317 540
576 928
590 519
79 6
797 887
482 716
157 728
357 433
305 77
305 704
700 178
743 108
448 533
12 332
883 345
371 109
462 84
163 520
799 63
289 674
36 425
609 505
945 799
31 342
885 525
884 390
101 30
169 694
315 592
195 486
512 420
43 904
726 493
216 614
488 395
986 406
860 611
105 313
789 681
39 62
43 955
599 198
251 956
436 26
609 790
65 816
707 353
536 887
4 949
652 841
605 807
232 965
847 313
834 151
543 813
433 534
108 400
644 116
116 607
278 414
354 112
616 323
250 65
412 336
568 422
734 503
754 497
95 315
649 875
709 312
288 477
307 299
149 532
226 494
671 627
412 630
52 541
715 375
643 210
683 725
506 758
154 45
541 687
211 180
781 64
552 152
93 40
450 112
314 695
170 819
408 432
705 430
659 497
656 246
430 769
514 204
953 852
475 488
760 330
23 882
561 303
961 757
672 896
512 981
642 40
955 19
443 231
228 631
232 626
339 310
140 829
751 389
148 272
314 120
757 276
831 573
577 950
581 966
417 369
831 386
177 657
513 223
63 492
347 97
93 541
811 990
335 704
121 844
363 983
716 593
937 772
186 272
821 861
907 336
419 650
66 429
730 964
821 43
533 359
650 133
262 711
656 894
455 178
591 838
63 313
765 591
536 851
8 428
27 344
304 963
800 984
982 432
606 508
293 437
574 30
646 510
283 99
431 27
880 357
511 969
368 73
475 380
333 773
579 565
286 977
985 238
622 757
424 90
995 773
959 678
50 396
130 276
98 384
207 230
374 381
257 927
439 435
525 14
352 333
902 578
499 333
67 625
654 637
328 355
71 725
849 389
941 239
62 1000
563 645
272 346
129 487
442 102
598 921
362 977
254 195
362 803
992 56
415 446
25 167
466 847
654 782
860 231
715 812
422 526
23 741
616 263
895 976
716 998
272 663
94 918
976 891
834 633
465 250
873 5
51 833
160 643
345 604
704 474
533 409
152 508
299 127
427 66
872 620
431 522
110 79
767 906
185 116
6 378
194 250
564 420
986 78
787 403
474 154
440 38
829 532
223 357
959 177
655 136
512 138
234 890
590 503
612 107
562 768
172 692
856 541
907 939
178 569
331 29
848 129
665 845
460 383
834 172
139 942
488 802
143 378
222 449
403 745
351 231
208 639
905 303
340 148
700 756
540 109
373 972
9 755
709 610
106 713
855 676
36 796
678 167
77 184
717 643
442 599
408 859
740 612
127 214
763 461
526 475
331 601
615 713
675 524
468 278
255 206
639 387
690 977
602 871
89 584
934 622
993 34
352 406
153 171
245 341
123 825
292 826
701 706
262 406
304 152
975 565
572 849
813 25
817 94
852 190
159 187
452 183
128 773
310 61
997 861
656 363
753 764
806 829
916 213
572 695
96 376
172 197
929 326
659 557
474 429
335 696
215 193
324 687
579 403
686 661
356 24
319 916
160 995
103 829
114 86
631 479
668 587
392 214
502 657
449 283
693 40
15 476
535 789
702 318
333 649
75 898
468 656
30 763
547 559
255 584
717 867
475 600
702 137
703 208
318 182
734 766
772 479
296 400
57 72
812 968
852 621
249 400
411 97
564 89
655 386
290 830
554 19
136 392
160 286
127 352
31 855
520 110
973 684
61 82
486 705
567 929
991 280
792 834
577 508
992 565
529 188
495 738
795 466
451 648
469 735
330 311
22 65
170 860
979 158
139 487
395 881
767 7
516 431
149 834
757 29
850 337
580 634
600 344
504 109
267 443
399 654
555 812
148 398
968 363
987 409
295 510
922 356
143 356
528 243
231 680
258 423
892 980
279 790
449 423
765 245
785 885
82 227
650 317
119 568
213 684
229 40
858 440
441 56
206 888
101 110
341 991
300 168
183 4
618 683
915 50
454 737
99 274
982 203
413 324
18 372
990 582
30 562
151 560
964 593
271 203
479 84
129 941
911 923
380 511
53 399
401 166
972 219
847 793
578 126
662 57
943 298
1000 660
524 29
506 69
14 26
877 210
130 751
583 896
537 856
792 815
579 745
247 623
521 990
143 592
539 151
889 478
602 573
92 707
255 49
274 624
989 295
867 435
61 344
282 103
970 904
827 769
224 314
795 303
814 249
83 113
746 723
434 765
241 921
19 941
149 870
222 612
836 992
718 452
666 163
382 673
526 248
581 52
712 563
492 957
440 608
976 626
281 368
817 102
729 882
186 122
914 996
854 896
78 65
940 100
797 749
873 415
858 493
819 865
306 884
826 15
432 241
466 622
608 331
958 915
736 949
379 288
200 429
475 885
259 928
319 940
546 96
431 742
163 688
458 512
170 156
130 652
32 341
820 246
731 469
257 679
119 64
526 896
591 475
604 716
769 929
473 93
921 970
994 656
805 400
198 480
715 214
644 218
791 661
834 248
433 561
969 583
515 591
825 491
331 350
829 435
278 443
833 48
482 222
411 198
378 927
913 120
911 669
571 868
933 117
512 341
909 460
527 941
535 374
275 524
153 940
5 947
762 104
85 659
909 93
782 789
343 993
861 868
379 427
996 989
305 938
162 533
680 74
678 501
511 268
723 236
904 562
653 169
315 560
3 332
225 236
758 950
923 623
391 205
15 252
219 970
326 546
607 695
150 284
499 106
449 833
603 608
133 798
949 532
107 657
91 308
1 44
76 672
955 175
308 362
836 250
362 830
20 317
210 387
335 566
548 389
370 167
243 143
6 89
964 213
108 887
612 679
546 21
694 901
678 574
733 673
972 863
526 578
110 63
479 142
262 672
411 870
289 262
199 255
20 402
191 363
169 557
237 473
973 421
316 936
668 181
635 74
946 563
375 335
179 480
363 399
880 307
952 160
636 848
443 644
655 335
40 216
683 638
117 470
395 712
587 154
165 832
370 978
784 411
739 295
634 83
909 65
788 886
805 176
594 581
176 758
943 806
161 500
362 129
629 77
301 34
387 669
520 542
101 437
818 287
159 21
157 751
120 145
803 30
986 294
67 283
802 858
42 583
134 127
218 149
335 522
675 169
659 556
841 689
346 241
815 945
673 856
525 983
416 495
197 678
132 507
632 377
650 120
742 962
192 962
587 911
368 583
330 660
829 966
77 929
207 982
692 322
240 628
986 35
164 827
137 169
293 835
829 567
830 496
317 259
355 976
77 643
706 213
726 16
393 348
548 972
227 123
445 16
509 173
655 397
17 489
844 506
334 792
583 927
87 844
628 772
649 845
620 416
790 398
944 986
438 76
218 815
773 613
353 12
66 747
286 712
857 652
767 433
721 862
993 476
251 180
368 840
303 603
497 603
533 570
573 329
595 497
633 38
176 865
728 782
858 837
784 96
380 513
381 969
20 722
940 412
422 794
809 776
210 64
301 151
139 196
103 271
345 991
16 777
7 453
435 166
659 874
487 573
509 965
400 519
927 231
793 240
45 291
674 309
151 978
694 176
846 111
777 548
727 312
305 537
659 584
263 402
657 953
287 536
860 462
552 935
200 155
163 663
333 731
997 308
433 985
285 152
949 433
329 792
644 449
377 516
705 88
312 474
41 317
759 399
778 666
915 479
170 362
65 80
563 465
194 372
466 581
570 651
807 746
442 810
923 100
799 810
838 708
507 596
666 637
939 579
923 70
27 13
445 278
526 3
253 749
640 868
628 911
740 573
942 337
22 243
71 610
723 211
432 264
287 154
644 601
900 995
595 397
390 657
784 76
234 31
667 748
956 458
667 921
615 71
504 505
233 221
50 957
671 70
842 560
516 817
295 370
29 642
394 1
395 344
470 174
698 83
256 34
538 696
228 806
394 144
161 251
15 704
788 64
299 21
281 536
17 996
149 507
959 14
526 615
391 594
99 656
803 530
38 781
171 236
377 951
712 472
705 689
78 685
905 87
742 756
980 955
839 330
938 41
445 231
339 604
308 289
726 971
881 178
682 421
685 575
518 583
106 723
251 390
606 284
992 656
919 161
499 896
689 720
69 382
606 175
74 4
506 696
900 274
45 645
843 472
862 452
809 216
351 577
174 74
247 656
378 737
969 386
175 422
850 564
443 39
170 789
674 839
378 592
542 390
953 886
571 291
42 422
335 866
763 879
358 1
182 243
664 622
684 657
576 266
780 188
932 327
898 339
441 292
229 397
466 817
358 162
419 509
160 165
775 8
153 265
177 889
409 42
68 924
349 917
496 898
968 785
938 457
521 615
594 343
333 385
264 664
30 483
731 18
968 864
185 122
354 515
560 346
321 330
103 872
143 49
399 91
38 809
76 780
919 656
976 42
817 734
892 118
109 124
881 483
754 115
57 801
424 764
186 903
425 325
246 319
108 308
956 522
977 545
445 11
781 625
468 860
86 263
325 565
987 431
318 191
203 473
611 420
919 487
278 469
522 607
472 6
19 443
908 971
892 570
89 259
182 736
662 574
844 693
38 324
98 51
102 29
918 263
481 42
743 278
123 989
14 668
952 733
104 519
520 801
870 927
796 982
144 85
219 523
700 58
499 299
301 33
512 992
555 962
537 339
314 988
301 178
734 685
490 253
213 60
116 87
353 675
245 629
11 997
124 618
896 365
442 885
58 72
595 163
818 499
764 570
285 335
124 729
676 864
533 217
737 374
719 770
354 850
358 670
509 770
57 385
917 235
370 200
137 313
727 132
105 141
286 930
362 612
94 771
114 197
984 922
137 394
601 749
10 192
475 700
773 381
327 996
12 973
271 64
700 854
440 196
679 485
852 649
872 645
711 438
209 768
592 70
631 255
7 731
302 537
982 399
549 568
803 776
109 241
476 788
402 147
866 428
354 248
620 274
678 118
771 272
437 812
97 971
429 908
578 307
180 687
343 842
752 233
239 789
991 282
973 827
959 760
728 66
486 854
490 285
677 55
810 616
558 778
942 421
874 437
838 10
641 974
477 162
506 975
145 648
979 17
83 196
286 491
417 520
774 588
386 261
283 365
63 543
317 763
345 990
135 19
157 503
49 214
470 135
515 497
883 203
167 642
102 861
638 99
659 730
533 253
831 504
120 396
162 883
822 21
574 602
258 924
707 183
301 700
327 734
593 204
42 346
759 763
371 682
686 695
301 747
379 247
270 330
532 25
806 392
824 253
843 597
355 894
686 806
468 583
397 637
859 318
473 495
542 289
69 837
730 1
781 552
752 472
380 505
53 956
463 994
138 653
136 515
614 909
977 762
675 795
605 710
155 331
407 104
669 629
783 509
993 285
956 903
633 886
83 277
601 464
624 95
369 692
863 687
653 50
472 982
36 52
387 674
830 666
266 561
231 923
456 415
989 107
719 134
851 118
743 60
620 841
894 184
568 852
515 207
691 982
176 925
875 797
382 511
711 491
629 806
25 200
764 755
231 718
785 710
872 331
715 773
707 885
618 88
376 931
340 838
920 202
147 880
641 176
436 820
823 680
719 619
798 126
711 715
734 888
660 123
328 740
772 605
20 154
545 821
257 133
172 941
565 898
603 115
397 528
273 514
325 392
661 512
42 80
248 965
863 358
941 784
696 941
899 624
166 49
556 617
942 950
321 56
999 477
40 960
544 464
302 448
307 106
255 352
222 123
339 701
925 606
105 931
877 325
143 513
723 547
537 178
925 975
969 679
736 662
865 502
739 269
874 620
984 420
602 543
680 957
93 152
666 368
944 626
27 361
980 263
657 300
951 390
251 336
859 623
676 111
474 515
6 930
707 563
104 540
871 252
949 530
954 145
315 334
278 694
851 368
64 590
646 179
21 400
394 34
693 398
175 923
380 927
418 188
58 151
134 32
742 16
161 134
414 816
113 653
993 673
67 236
988 636
627 420
208 578
982 134
195 304
952 469
950 672
253 61
313 285
665 560
68 593
143 417
950 595
812 582
780 818
639 831
913 431
971 241
41 372
890 259
502 153
558 536
752 480
623 487
630 449
961 84
781 449
838 754
400 292
922 681
765 66
970 157
807 514
131 37
10 958
155 187
824 620
808 223
757 228
102 411
598 508
453 700
918 503
577 311
335 35
88 484
870 879
956 844
107 337
128 937
776 746
325 315
497 654
97 308
619 875
957 934
410 475
999 303
158 853
234 231
132 816
993 882
428 109
256 124
990 27
672 319
725 832
979 688
48 510
495 466
522 218
941 660
57 497
720 351
464 29
267 570
461 448
445 987
673 184
26 364
462 565
473 402
699 652
764 110
911 19
34 741
237 42
646 292
887 144
142 71
882 816
924 13
284 236
311 709
939 456
579 609
32 236
490 632
424 952
164 505
516 86
826 970
429 244
299 966
716 261
143 633
827 536
123 931
100 698
448 139
53 876
37 343
59 483
225 373
648 260
273 754
154 469
62 762
448 826
362 336
110 914
623 959
438 901
280 611
79 925
338 233
984 267
748 284
253 922
275 808
274 813
258 422
276 899
101 582
763 697
529 801
399 651
595 96
153 53
214 62
658 726
132 901
466 123
906 684
546 407
769 547
44 426
609 509
662 353
231 953
115 116
708 487
120 960
234 362
487 908
898 395
96 263
495 385
560 182
360 412
358 699
217 565
125 132
422 676
65 633
637 41
214 346
713 617
822 133
788 29
739 745
884 454
461 275
787 28
138 594
87 185
989 168
169 596
940 455
299 457
725 333
929 50
983 355
696 803
719 67
207 805
445 848
545 2
711 405
913 486
547 271
626 111
420 562
772 303
920 730
890 456
234 126
506 465
489 773
588 55
459 18
259 261
756 845
207 635
189 220
688 741
502 13
229 715
478 664
238 635
758 370
66 952
378 902
930 785
347 586
230 851
790 569
204 526
615 556
41 662
952 204
47 448
126 587
696 462
165 949
633 885
117 396
569 913
69 297
549 31
397 226
948 920
832 13
260 558
634 393
197 117
54 518
571 424
383 350
720 58
595 286
153 247
830 667
118 665
402 238
432 266
45 161
515 161
538 194
222 619
636 772
429 435
876 476
680 507
771 856
776 674
673 730
529 926
971 989
880 630
612 985
538 996
277 112
371 77
903 220
446 767
448 706
324 445
382 335
827 462
132 776
458 986
167 822
78 247
923 960
855 389
767 713
838 646
404 331
298 818
834 640
121 961
655 914
949 241
702 806
238 104
976 177
812 335
996 188
118 863
617 161
670 181
647 227
218 28
626 177
243 579
711 107
368 382
826 590
284 971
298 231
248 966
691 580
530 314
654 51
19 195
333 991
652 873
209 593
728 511
180 532
346 666
274 399
13 818
528 965
212 438
340 227
888 995
869 800
821 653
199 745
103 589
574 463
151 394
942 371
176 638
212 148
178 36
514 394
151 507
343 546
706 590
340 304
573 286
614 490
575 880
391 185
103 115
840 435
782 570
567 800
387 493
283 961
675 451
896 532
281 160
564 969
233 191
714 146
898 337
663 778
599 721
68 15
750 615
966 608
492 819
864 230
564 751
665 23
765 186
413 197
881 933
43 328
426 336
379 336
159 630
994 783
595 596
911 280
90 148
897 442
972 858
902 181
651 887
88 621
360 100
402 907
403 414
359 865
837 785
380 348
865 996
220 821
170 14
977 918
482 300
240 326
759 113
711 242
393 514
800 87
984 244
348 619
365 451
558 530
688 828
728 249
840 787
179 131
606 254
369 529
467 252
892 683
40 106
931 666
953 950
554 639
98 275
226 476
120 839
192 212
374 716
932 48
22 40
577 679
728 821
597 541
690 337
323 648
875 855
533 773
914 777
81 974
293 652
246 643
767 978
146 770
555 738
918 816
337 833
79 508
643 848
335 614
232 477
565 517
512 703
340 776
345 738
988 908
898 420
834 550
82 323
718 76
447 94
488 530
471 324
55 517
811 171
774 61
99 621
975 980
372 703
751 125
333 308
850 606
842 317
655 891
802 285
37 774
368 338
542 459
138 949
18 159
151 921
298 191
322 194
812 964
118 327
744 786
411 101
731 572
554 31
97 600
801 430
51 59
288 327
304 705
772 249
329 270
476 427
94 14
645 390
188 87
463 223
755 822
622 544
456 647
737 778
844 554
758 160
463 76
856 168
769 265
624 132
918 873
732 954
219 617
828 389
137 782
49 490
951 457
699 400
662 4
385 40
974 794
760 162
779 344
508 440
456 137
527 165
862 591
261 550
977 483
564 897
807 734
802 778
54 103
707 923
8 882
207 831
988 912
37 972
24 37
959 305
997 974
245 873
730 715
804 539
487 796
716 554
826 230
935 264
518 240
99 568
544 923
634 891
285 378
824 507
807 210
432 146
369 290
96 614
778 468
373 769
267 601
553 876
437 473
61 605
25 735
360 202
531 869
843 663
170 55
317 292
462 823
467 651
564 283
123 125
967 814
662 979
900 229
540 796
892 303
434 339
87 527
237 414
402 245
900 116
43 749
544 438
192 920
234 328
806 74
259 405
762 894
299 916
123 712
18 803
116 98
723 521
282 833
253 746
1 751
183 643
676 716
97 838
518 888
745 850
727 966
106 924
378 857
931 709
805 228
37 330
520 876
574 419
279 285
932 249
553 228
403 970
856 121
805 966
917 764
934 682
956 342
493 488
432 410
237 119
85 981
391 122
432 105
270 889
953 569
491 534
791 501
462 437
157 473
802 814
361 38
467 998
419 450
833 908
926 407
820 702
346 261
474 510
24 1
318 679
820 557
698 449
57 447
773 401
665 312
974 306
871 670
124 481
161 105
255 857
863 542
81 466
449 342
621 728
807 71
480 784
800 767
910 372
716 387
826 591
890 634
857 371
694 875
312 952
114 380
138 843
782 221
360 964
363 423
492 193
772 403
122 744
817 994
877 178
456 914
934 187
520 91
39 541
978 779
832 826
302 305
70 957
644 996
4 347
670 784
468 136
737 705
349 155
991 348
957 476
745 846
947 218
126 503
408 419
145 308
148 765
705 284
283 674
13 501
253 976
325 7
650 810
867 544
926 567
395 189
359 196
343 707
672 574
283 960
124 978
548 92
606 750
537 485
22 367
6 928
104 542
908 324
680 15
98 643
880 659
809 519
976 594
412 892
982 445
575 40
432 883
896 162
924 752
686 531
945 683
388 917
377 886
285 59
125 828
802 574
453 997
380 238
454 557
65 834
742 516
747 926
470 475
204 147
502 936
527 457
485 694
566 609
610 529
826 722
612 231
99 12
725 448
412 503
271 310
971 64
882 669
667 331
320 350
853 108
345 967
505 214
605 667
363 272
754 419
259 493
227 289
675 981
490 661
550 930
383 162
717 702
829 68
853 334
140 303
487 192
218 855
900 753
543 890
434 863
128 734
435 458
588 572
2 187
126 354
201 9
614 407
41 725
837 124
35 142
185 765
718 401
791 351
615 59
796 759
894 246
641 306
343 453
628 390
404 200
79 334
120 149
876 692
384 180
516 869
665 37
669 111
902 330
408 58
67 287
70 706
210 161
492 784
811 908
918 928
208 359
651 39
647 141
451 13
789 732
208 246
889 673
530 703
842 809
1 812
581 921
843 101
323 485
327 770
470 116
350 974
575 51
456 830
670 285
964 634
159 792
716 459
169 792
521 243
209 527
599 286
489 404
894 846
716 90
22 687
47 200
288 233
203 738
412 654
498 694
9 641
797 721
784 521
32 238
558 559
705 9
227 349
528 526
479 930
468 81
363 141
345 543
38 359
502 84
406 411
250 145
639 273
783 523
640 779
846 93
373 174
849 143
689 622
139 397
58 567
900 612
995 574
724 96
654 628
815 120
898 69
941 161
521 919
244 124
559 647
671 985
304 185
824 832
641 286
90 797
590 811
186 181
918 866
97 342
47 393
470 613
197 979
419 297
441 353
558 308
634 934
750 540
822 121
238 368
441 210
924 649
581 646
342 274
732 366
788 424
935 267
975 570
780 564
621 610
36 194
24 894
767 676
589 132
224 556
262 834
636 353
983 396
772 523
886 408
259 984
901 425
939 106
902 882
560 357
797 72
156 368
138 967
962 306
198 735
159 879
271 161
630 754
632 631
707 359
398 92
735 285
171 110
26 663
219 642
136 75
783 171
397 348
46 370
151 813
118 160
544 439
359 654
469 186
680 703
238 633
39 94
249 288
559 148
360 647
605 707
677 246
494 854
614 787
64 155
961 131
247 618
468 117
970 211
165 947
204 671
46 142
76 161
306 378
793 747
350 256
425 751
286 552
287 241
737 902
314 689
97 39
671 793
136 997
529 882
583 451
687 373
366 645
461 655
23 904
607 606
262 339
84 912
907 138
232 632
241 766
804 55
166 995
962 694
689 86
858 583
867 963
779 37
125 53
807 403
257 275
265 444
522 257
650 474
543 405
711 823
198 910
381 284
426 269
9 291
797 266
301 699
768 48
255 856
471 271
609 618
215 672
631 493
977 142
850 660
259 750
998 612
566 376
553 847
146 271
612 494
775 484
100 218
651 730
502 722
18 341
713 961
977 936
138 586
330 722
316 897
299 725
640 695
554 158
95 103
577 236
852 930
874 806
891 908
765 939
269 134
610 876
23 379
481 288
759 141
380 638
857 957
674 733
531 316
625 169
148 920
576 979
297 214
687 65
744 521
339 815
782 879
316 915
490 705
416 548
843 335
705 354
27 922
50 25
23 206
212 748
27 779
637 984
379 968
878 822
923 501
909 826
163 424
515 159
93 951
719 103
800 5
118 618
728 714
379 790
103 362
827 14
478 866
542 631
120 122
543 218
323 831
250 773
237 733
78 55
978 1
559 556
949 896
842 592
1 80
702 712
24 495
99 917
105 802
488 156
750 724
761 113
484 168
656 547
680 426
333 445
834 738
635 475
682 958
449 940
385 588
632 465
798 1000
982 133
531 815
878 90
130 876
260 511
337 740
212 528
726 317
734 629
934 363
504 330
995 363
479 26
725 350
561 725
321 104
126 965
200 827
294 101
167 489
986 2
1000 322
469 129
696 59
865 708
460 452
84 296
1000 721
383 220
147 754
243 925
851 397
985 204
714 818
627 771
832 169
814 489
118 906
305 751
107 167
348 514
680 924
780 495
624 233
823 267
456 331
682 613
166 766
387 767
858 874
175 516
527 723
864 311
862 710
62 910
90 643
42 814
478 862
63 628
715 881
920 359
849 455
210 379
581 920
976 530
430 652
972 523
483 558
671 171
584 3
361 142
860 368
501 926
967 657
55 519
688 176
228 73
199 440
637 885
686 782
854 380
695 580
972 975
385 729
246 991
561 608
655 234
318 504
344 792
40 637
630 518
761 725
248 768
30 524
75 421
739 138
709 814
791 102
505 241
307 423
308 660
818 873
395 568
412 762
344 160
39 6
643 366
202 2
293 169
421 356
334 575
356 783
12 79
217 455
435 440
581 407
676 381
895 75
736 448
130 73
297 456
643 813
249 839
323 584
590 526
476 122
149 844
10 514
482 711
747 209
659 915
987 622
282 408
953 690
914 728
894 926
102 297
561 405
279 590
67 732
823 13
861 506
330 573
332 744
757 313
405 148
402 990
851 188
559 631
712 918
965 332
567 8
271 639
145 446
280 34
110 804
881 914
884 291
958 622
280 81
941 356
484 145
986 383
42 695
945 754
186 758
578 692
63 44
946 944
708 791
690 774
622 4
769 701
38 794
190 161
556 754
5 116
498 870
330 703
916 666
61 829
507 781
646 406
29 432
325 521
342 953
199 992
259 407
908 568
700 698
369 590
137 339
502 290
892 638
348 732
168 106
60 72
867 296
481 485
876 170
936 111
919 126
889 81
362 179
646 521
87 535
1 932
830 670
60 626
712 581
676 224
491 512
310 290
681 334
330 824
426 807
310 477
104 548
505 555
915 646
702 834
159 154
45 233
492 970
370 298
189 998
484 294
251 533
215 182
200 245
110 344
185 135
681 778
849 152
647 101
464 186
580 24
945 653
508 19
751 209
458 808
99 598
818 398
820 242
474 30
955 581
960 809
614 691
138 873
376 756
638 716
355 305
203 837
789 726
47 79
467 824
697 111
366 258
39 424
132 222
91 569
496 183
77 582
191 450
130 602
190 782
835 567
160 493
911 874
354 47
714 799
771 364
240 906
408 838
248 389
231 324
202 90
757 780
259 145
23 88
860 382
546 935
619 807
47 342
196 636
782 799
882 482
260 525
407 878
640 240
124 782
879 910
255 160
148 622
75 518
575 893
201 868
13 324
589 805
594 893
394 761
93 807
386 457
499 112
973 810
48 232
33 516
819 933
396 690
327 862
958 708
633 451
997 802
120 234
910 875
200 130
145 775
37 817
427 925
755 65
132 638
208 268
929 300
551 941
57 473
869 90
839 877
216 694
307 609
863 636
55 595
711 568
809 560
935 48
901 480
281 771
925 506
398 106
220 816
842 61
706 203
299 675
670 438
543 972
32 486
330 759
730 372
221 639
44 984
905 336
563 268
696 171
917 781
94 134
264 311
679 627
903 703
198 673
2 262
974 752
245 60
400 898
13 390
235 250
218 964
862 421
629 422
413 356
173 320
32 640
755 624
681 373
184 827
115 977
799 356
637 620
934 752
172 271
836 806
709 48
784 137
968 374
366 557
573 513
617 657
619 79
546 399
395 441
551 738
788 688
811 625
370 483
689 413
375 598
711 984
361 252
459 129
440 653
48 498
525 576
663 982
315 588
101 630
621 636
747 705
587 820
228 322
756 689
629 685
243 286
835 34
871 672
765 445
803 576
512 989
128 344
937 726
831 54
392 221
899 686
901 452
143 411
798 663
892 151
765 671
200 713
242 380
631 250
578 482
118 299
46 613
95 41
320 269
377 332
798 630
830 99
532 582
75 53
874 277
95 190
812 854
627 611
1000 718
559 661
549 773
238 722
869 788
982 733
255 437
718 823
610 132
761 272
635 315
469 201
412 618
511 236
481 73
71 628
512 545
607 326
723 497
98 306
875 22
931 776
128 555
770 150
864 357
537 641
179 604
404 895
222 514
546 544
624 500
932 309
954 205
479 378
871 768
996 529
806 961
98 886
144 581
438 372
774 242
833 854
324 379
146 519
474 392
772 983
310 818
59 766
389 417
60 944
242 47
751 265
432 539
368 665
954 752
518 17
873 992
527 365
603 155
933 518
708 471
955 774
105 543
568 225
569 136
275 721
709 880
13 953
566 559
234 972
754 263
402 240
223 88
248 652
581 708
739 54
43 639
345 562
494 852
173 597
217 433
74 490
726 828
387 395
406 421
763 394
605 537
1 541
62 666
71 600
81 24
700 8
322 607
940 543
300 894
466 402
35 251
642 433
796 650
67 554
656 125
253 811
609 51
292 889
149 976
79 147
656 396
253 156
205 281
84 24
906 844
564 864
447 300
438 417
704 567
318 731
253 703
979 455
693 437
710 637
823 822
293 775
556 15
254 536
147 318
737 754
831 360
835 109
450 149
424 787
659 459
73 938
611 455
299 408
851 663
401 591
68 747
252 408
955 693
133 17
872 117
726 368
752 539
787 492
881 505
75 270
497 496
61 751
833 382
762 588
337 527
861 886
549 618
18 226
882 997
422 128
740 411
583 343
155 263
467 537
782 160
934 47
633 586
795 855
504 530
711 155
490 557
550 31
199 967
243 899
62 453
856 470
32 808
948 494
566 853
795 117
689 714
778 877
740 232
377 102
417 911
6 447
273 355
356 960
54 631
36 966
878 837
993 429
614 543
714 65
189 409
904 569
959 149
999 32
927 263
503 945
144 510
173 125
432 441
785 635
573 508
489 73
146 794
241 664
572 820
828 686
206 110
232 485
842 606
664 786
741 300
711 900
927 859
90 813
474 465
344 557
42 765
544 855
727 254
197 715
188 969
717 388
129 955
431 530
33 71
17 954
380 122
437 493
646 19
668 639
775 437
160 846
802 501
768 141
69 33
4 855
116 723
584 677
769 533
934 361
664 381
62 52
544 275
985 391
397 273
424 369
9 945
777 435
673 354
506 21
716 128
852 960
698 951
312 693
596 461
516 748
933 18
607 79
240 951
593 321
596 316
653 915
356 789
456 623
273 335
611 793
938 587
79 791
61 296
617 701
265 803
50 59
749 635
680 926
827 977
74 685
413 752
361 679
303 588
328 312
239 578
40 396
560 579
119 1000
135 775
514 815
433 99
296 677
353 820
891 987
541 945
270 901
269 590
780 840
955 105
97 335
978 80
975 917
953 630
606 600
314 56
388 711
806 821
629 906
389 315
928 675
451 14
94 890
385 396
935 911
337 907
177 546
567 373
517 576
590 142
708 829
717 534
986 443
185 408
208 23
209 354
691 994
503 64
57 214
260 477
375 10
982 22
734 599
230 939
226 854
726 43
543 931
272 588
317 210
412 700
830 213
354 242
523 703
467 465
928 77
341 488
126 886
571 967
843 90
312 738
866 281
621 225
490 613
623 631
259 458
904 949
84 189
888 543
316 24
463 219
744 579
722 169
748 123
490 263
944 928
905 702
395 792
487 118
895 117
951 295
383 417
900 615
206 490
151 319
871 460
100 426
303 608
415 122
823 361
382 235
534 228
228 207
702 981
663 305
386 287
407 631
69 693
638 139
145 940
827 72
3 538
650 707
488 824
766 47
159 135
932 645
770 296
650 338
427 855
525 530
245 178
489 402
72 390
628 187
501 975
618 298
585 580
757 545
248 485
761 242
272 727
76 453
204 274
24 88
264 711
138 224
910 578
33 414
73 909
55 613
521 417
579 119
859 135
972 926
753 470
613 924
523 364
431 699
640 384
164 838
241 125
904 277
27 454
66 96
621 274
942 429
364 893
645 34
578 455
155 314
850 510
156 17
873 513
623 437
135 930
546 141
963 528
911 328
360 635
235 889
626 330
790 579
661 825
818 96
9 674
156 823
113 502
387 125
26 295
135 651
706 325
515 169
52 631
615 696
288 581
71 458
316 403
704 904
107 462
16 63
46 81
596 74
101 532
267 334
857 610
624 307
534 128
420 288
831 76
685 364
463 322
266 906
233 309
819 730
604 348
749 869
478 645
949 568
811 555
390 426
980 574
626 742
76 523
348 288
723 276
615 290
86 596
413 252
966 904
347 120
989 553
206 813
134 62
724 682
531 566
343 236
608 323
937 883
385 500
24 180
988 252
690 857
768 51
648 585
406 841
925 99
893 303
532 59
492 287
457 939
648 935
151 620
907 902
433 847
15 141
109 34
436 374
402 66
818 634
948 201
436 485
935 921
631 82
428 897
606 372
697 696
365 474
592 290
44 901
9 734
908 990
80 309
568 331
622 642
813 983
835 855
654 185
719 477
978 553
192 94
746 541
213 952
469 558
454 306
647 922
793 708
520 780
940 621
706 587
448 871
712 532
451 584
412 962
452 791
2 66
735 724
738 344
583 416
533 635
462 251
814 908
541 940
230 119
345 876
605 25
129 510
242 545
204 846
29 605
983 924
231 667
699 77
655 686
486 303
43 909
915 533
680 398
76 559
153 274
210 293
398 461
290 838
717 306
774 187
760 811
318 327
357 419
659 393
853 114
290 13
445 576
318 470
446 235
965 616
532 104
627 426
8 644
726 290
216 551
716 332
740 90
119 143
194 98
911 5
569 86
761 488
627 925
717 967
200 221
484 638
674 538
400 395
734 666
386 722
190 808
763 230
318 744
285 748
270 618
363 276
737 519
110 998
13 162
347 117
331 451
729 987
245 883
732 398
900 765
988 470
757 159
524 784
376 438
12 124
875 44
749 523
134 963
885 251
369 526
887 925
408 682
110 730
606 831
737 60
420 376
337 725
504 457
510 227
413 86
538 950
704 338
817 85
429 263
489 36
146 895
771 548
498 298
318 513
232 450
822 401
54 15
826 92
827 269
367 60
394 192
233 952
642 954
270 968
917 244
336 447
209 71
90 194
244 955
977 186
996 226
9 376
746 393
99 616
399 23
76 128
661 274
544 594
48 673
657 725
56 172
238 148
721 15
905 7
925 476
471 534
609 881
114 305
721 351
557 753
262 535
749 137
90 262
697 278
695 871
260 252
317 509
619 677
583 774
105 835
423 158
40 926
256 843
477 759
919 256
117 656
977 663
778 960
448 483
839 41
605 287
865 598
648 44
244 533
260 786
650 869
452 570
491 84
296 70
758 10
795 60
923 227
786 926
676 489
752 127
199 684
684 780
518 800
706 512
650 782
909 157
35 368
218 934
629 440
206 491
886 281
486 939
144 424
932 81
516 400
365 998
63 695
779 718
786 30
568 959
382 123
68 174
785 578
938 206
989 290
957 964
85 941
968 483
453 613
98 1
872 607
125 45
916 242
789 108
724 663
301 962
760 327
822 236
38 575
989 629
521 599
228 741
996 311
57 795
63 216
835 115
449 732
413 57
39 163
665 720
519 213
685 749
670 67
746 493
696 698
489 604
290 663
163 671
522 986
73 447
213 269
893 507
282 358
185 292
385 826
8 299
834 971
997 397
963 757
948 71
419 252
350 825
304 977
1000 270
215 561
273 970
237 441
298 303
976 377
981 106
624 793
534 24
705 120
766 835
992 652
540 174
942 750
32 893
72 698
611 195
667 85
207 276
987 816
678 375
495 521
648 294
614 625
887 551
818 106
401 156
456 311
218 954
645 647
106 437
304 379
417 700
399 836
685 363
98 583
262 452
270 645
21 163
779 379
121 399
340 623
198 296
516 682
23 618
135 579
736 43
609 275
917 74
832 727
311 715
870 410
712 4
451 56
125 49
888 826
232 169
860 315
368 985
65 607
599 654
886 729
99 313
104 129
929 976
633 711
639 768
285 997
804 811
806 137
166 40
8 86
138 729
307 194
146 188
130 601
539 447
795 809
833 158
910 164
377 266
123 378
861 552
151 211
181 598
682 429
82 310
238 749
195 806
344 236
1 861
790 479
478 155
979 402
100 745
945 892
819 125
527 948
514 533
206 801
292 475
867 329
463 146
965 828
966 15
823 434
606 38
330 229
757 186
408 615
373 129
487 441
770 173
737 934
147 270
629 112
10 907
481 224
597 658
841 64
895 821
474 923
291 99
663 267
619 471
474 522
280 237
168 389
244 432
700 293
448 693
492 922
21 40
759 884
261 633
642 804
291 302
81 73
292 637
354 838
758 728
45 355
441 14
385 85
405 939
925 711
759 527
368 965
224 633
704 819
104 991
74 827
751 103
938 320
164 912
6 408
427 205
467 872
690 569
982 153
216 552
614 605
532 216
91 888
536 155
385 753
555 353
322 172
94 472
506 416
986 886
364 838
402 167
522 756
541 184
963 602
268 572
696 63
92 856
346 632
807 725
296 333
61 979
208 617
341 619
675 843
602 297
360 692
821 969
550 57
296 220
61 68
634 134
942 695
949 335
819 40
107 496
334 551
460 678
138 780
619 887
252 832
684 809
991 703
960 1
227 514
535 74
747 88
805 794
396 412
624 237
54 704
594 973
460 972
462 165
893 735
140 921
178 292
625 661
310 489
311 64
831 665
188 909
337 461
698 846
13 477
940 775
558 434
464 984
268 159
185 994
411 893
336 658
334 189
444 837
171 905
395 267
272 606
972 519
898 34
333 123
618 411
980 742
747 565
587 856
352 104
979 550
563 847
381 448
453 819
60 943
993 710
243 483
46 834
215 857
327 643
366 479
727 659
655 339
748 659
826 401
294 219
815 476
542 380
274 47
601 800
490 833
397 307
553 677
611 379
230 775
247 895
854 205
431 116
551 359
778 961
874 890
330 968
593 582
212 500
653 949
106 930
987 983
692 83
292 19
738 63
296 982
819 589
444 182
597 872
191 987
897 636
914 562
93 217
314 678
757 114
704 98
67 930
639 114
771 212
480 113
373 490
980 326
548 2
55 50
44 289
376 177
714 377
309 643
349 642
365 304
371 118
478 830
448 765
279 735
271 635
142 194
310 23
11 150
431 769
381 130
223 739
208 312
25 790
246 768
615 393
950 470
128 25
937 789
320 817
907 289
348 314
536 53
39 162
612 352
557 417
225 856
238 524
968 928
593 85
721 152
981 678
509 923
877 789
270 253
206 896
130 848
792 381
790 433
949 636
661 884
431 298
237 7
363 246
721 442
722 661
928 252
929 789
588 46
660 675
683 770
873 656
342 957
810 315
479 380
411 185
69 496
40 778
551 993
645 339
500 412
193 316
835 893
717 738
269 127
731 828
735 988
649 993
474 421
221 503
630 93
631 652
211 65
602 946
641 546
804 426
476 171
912 605
763 300
481 219
961 593
647 444
178 285
989 99
97 427
600 318
193 888
582 242
675 300
159 71
382 404
934 392
965 155
110 514
421 809
127 771
747 479
803 449
327 775
223 694
495 61
996 502
690 629
197 579
436 653
219 55
600 890
893 203
756 325
684 234
371 737
48 268
