1000 9909
270 447
919 790
423 231
191 155
252 411
643 816
722 599
1000 77
692 259
195 749
577 382
532 824
518 387
721 277
887 160
501 792
247 1
873 594
386 605
169 859
721 422
718 967
246 347
709 849
568 111
531 101
346 613
235 871
629 423
790 621
946 848
477 830
687 991
819 207
749 370
27 992
190 620
365 847
123 603
109 612
2 318
611 254
26 168
62 554
728 2
657 742
532 974
130 410
26 219
482 937
432 350
396 505
588 613
348 962
980 220
791 192
650 980
207 9
192 382
671 894
68 449
452 928
267 604
188 869
201 224
58 347
139 182
529 994
519 715
280 832
870 165
599 633
943 731
582 361
91 270
718 345
813 187
50 553
287 115
141 766
608 3
807 477
440 757
992 418
538 882
704 534
262 82
584 236
699 813
332 786
372 12
190 432
154 746
384 891
133 848
336 100
156 407
129 340
223 473
886 651
685 564
569 792
838 814
789 622
307 914
327 303
365 120
895 336
406 986
251 113
323 412
924 209
588 144
443 180
313 406
707 290
798 655
270 36
365 154
683 829
920 537
26 712
423 638
719 397
138 762
303 164
14 41
491 332
38 403
739 226
706 489
504 561
639 517
866 509
848 922
540 96
210 639
71 836
936 269
544 210
856 36
383 57
705 321
24 308
213 602
805 166
693 738
827 978
75 585
225 36
210 816
783 723
54 705
914 606
681 377
371 383
153 176
352 270
889 254
687 311
157 712
213 700
516 589
867 832
650 603
305 260
797 792
448 611
33 587
859 579
605 123
182 212
811 740
520 663
617 661
106 402
125 406
148 211
96 132
884 959
633 483
372 369
295 417
722 219
924 675
686 454
258 658
284 514
980 743
894 293
182 39
158 902
175 812
427 873
75 350
301 621
489 493
806 522
402 708
789 808
709 973
143 239
332 20
679 506
303 391
636 458
881 309
844 191
256 432
721 204
527 442
548 871
775 13
882 985
4 965
425 168
155 339
962 65
411 973
105 688
434 422
17 342
881 23
598 84
620 338
792 687
743 766
340 179
783 371
807 585
938 776
304 740
784 670
625 372
610 128
792 845
888 546
688 942
71 483
739 333
192 152
266 691
141 241
913 856
165 763
421 577
286 577
213 751
455 870
774 682
427 541
118 548
623 755
42 892
544 881
652 33
323 877
894 20
953 550
794 318
85 939
827 442
423 271
225 524
580 146
676 504
506 835
289 815
16 545
556 171
225 637
871 994
358 691
513 120
825 830
864 788
173 455
573 997
741 67
462 540
102 519
252 112
935 103
759 355
25 672
817 652
359 849
893 505
694 714
691 883
890 917
809 669
973 402
868 184
389 865
194 475
782 200
415 993
255 742
57 977
666 929
223 68
635 12
749 508
644 120
331 175
5 674
213 524
355 293
123 705
910 223
891 341
209 920
265 926
641 775
14 259
677 65
2 347
809 89
349 176
84 67
585 994
876 167
879 768
406 429
811 318
245 496
232 817
726 609
144 7
921 337
261 976
183 810
747 35
344 590
861 55
774 662
222 595
132 313
119 941
727 658
413 550
421 839
595 4
922 220
335 769
233 203
558 491
651 135
45 236
379 622
572 643
707 892
211 621
430 713
997 364
312 404
367 118
800 824
8 909
116 950
750 685
399 171
238 385
755 25
792 13
216 735
547 805
380 82
327 693
57 49
714 504
503 210
453 923
865 774
939 76
833 449
794 889
697 114
437 695
541 33
857 372
288 73
659 42
866 506
367 667
730 157
311 660
900 87
478 127
354 185
834 207
469 344
326 435
723 701
191 687
30 875
126 540
363 186
914 198
493 563
131 48
98 37
996 692
422 916
914 345
74 10
495 702
511 592
211 239
710 247
676 291
734 249
481 117
999 207
358 221
196 648
365 795
993 18
814 32
729 520
720 913
906 522
120 17
597 513
339 369
233 278
529 993
841 983
607 696
810 986
854 831
111 834
911 683
816 226
871 836
489 478
162 492
383 958
665 451
423 471
673 984
340 867
629 336
932 559
298 655
155 778
651 897
67 70
452 500
437 120
518 179
601 671
484 37
820 959
623 42
931 176
830 368
320 745
323 270
33 684
403 422
920 892
794 861
925 501
472 835
452 306
994 728
646 305
495 81
941 875
670 443
194 400
506 430
694 557
933 939
436 341
113 638
518 767
834 160
407 37
348 483
953 454
494 566
723 744
825 739
763 251
545 812
730 480
911 853
200 857
331 375
463 850
942 719
947 97
138 692
550 398
274 653
307 497
460 672
500 469
732 648
109 583
240 826
832 222
581 445
140 181
5 813
101 728
118 686
980 189
115 576
549 160
54 710
689 805
736 280
275 900
3 405
645 878
408 355
561 355
335 840
12 349
767 885
126 71
254 152
901 873
637 329
511 935
884 166
978 223
120 267
861 987
926 327
34 199
642 774
717 322
276 120
295 300
685 996
299 169
997 978
449 580
148 50
332 823
243 372
206 872
279 996
266 389
711 757
358 615
557 344
380 43
309 97
249 684
350 663
591 639
103 759
461 358
432 628
716 284
20 347
683 493
351 267
998 550
1000 789
640 440
694 751
885 806
351 408
373 624
820 177
270 150
94 442
4 966
423 908
212 673
982 389
169 146
497 269
173 842
699 523
933 208
369 971
478 55
479 282
800 139
620 260
912 597
783 370
830 49
398 788
870 708
944 536
184 871
692 824
72 641
677 172
861 927
314 578
77 846
558 929
705 179
136 658
710 172
877 405
644 842
205 812
682 865
596 195
378 700
948 704
258 12
131 806
116 360
80 974
801 994
822 564
514 253
589 791
55 159
148 547
867 609
797 842
654 513
513 435
842 289
403 423
276 335
439 237
559 652
766 448
989 319
703 138
439 770
617 880
211 739
417 352
950 138
951 231
702 827
941 461
798 366
717 358
419 447
607 918
920 248
224 709
225 636
263 374
765 122
217 572
141 918
20 25
204 270
8 609
797 319
59 610
547 665
566 151
845 484
96 749
261 115
635 944
933 513
114 449
811 429
797 774
618 945
450 991
342 209
617 416
714 311
705 851
191 468
913 366
131 313
819 518
460 443
389 884
52 861
678 57
569 197
776 49
136 336
523 812
819 245
650 543
415 518
532 726
19 509
661 950
60 215
667 441
170 627
468 124
126 624
2 344
40 155
314 614
866 27
459 595
852 218
642 360
18 718
628 513
331 541
966 433
179 993
571 419
917 659
81 723
188 849
434 753
330 430
704 255
248 893
192 387
211 417
358 16
654 541
568 862
400 688
719 57
871 769
998 64
582 259
492 945
189 911
81 782
889 919
85 846
139 106
106 491
266 123
840 92
521 743
59 672
975 630
120 434
449 524
603 431
548 484
868 793
218 114
792 189
904 471
261 198
708 881
786 935
143 38
608 421
939 815
964 554
934 326
755 423
976 456
544 268
707 328
691 591
804 854
198 589
694 582
89 18
252 746
146 187
420 942
810 210
938 943
317 34
949 803
611 67
592 294
41 32
852 792
726 817
196 836
748 153
195 811
18 784
936 275
83 330
464 824
930 957
9 515
520 39
663 177
478 297
249 699
178 477
785 195
255 217
826 59
813 757
795 406
429 236
454 321
607 389
866 769
371 357
244 157
357 922
339 131
841 69
642 110
571 316
129 321
348 115
554 674
477 273
230 107
147 53
859 633
890 92
82 50
157 516
270 861
200 57
384 160
348 145
759 881
831 580
776 982
615 237
564 833
897 102
720 591
354 837
829 148
806 669
254 942
419 631
194 813
195 28
484 38
926 149
694 913
585 912
368 599
876 45
315 772
982 156
307 916
489 657
293 745
920 893
298 49
462 964
47 990
639 848
146 509
282 717
781 533
14 188
80 264
49 863
726 115
92 669
216 248
17 505
38 401
799 838
344 92
553 360
37 71
80 566
10 981
515 804
443 769
283 376
676 497
587 150
314 684
53 798
577 412
45 734
61 603
247 728
26 61
279 349
822 553
490 462
781 834
908 2
559 967
479 155
258 331
278 782
27 522
600 504
818 275
804 194
204 40
793 119
813 364
58 95
149 132
597 463
81 854
408 2
262 173
466 776
768 802
788 301
648 905
469 775
975 697
869 134
617 949
880 946
896 134
438 285
910 292
759 635
376 596
506 527
362 619
722 507
996 238
74 858
772 543
994 923
649 300
190 140
47 525
347 499
234 956
242 231
218 345
545 124
341 145
199 215
165 323
682 191
440 190
114 301
705 886
51 356
70 576
346 680
441 596
192 734
264 251
283 930
216 212
680 547
221 605
593 554
703 421
445 405
726 782
585 746
58 874
700 685
22 897
667 476
445 262
377 432
305 691
162 796
572 343
934 842
761 282
709 730
122 484
952 533
202 412
939 881
889 446
953 557
457 42
573 236
595 268
131 694
36 522
11 860
233 348
847 19
499 385
130 460
202 592
702 937
297 892
267 148
984 930
90 529
585 984
326 753
185 771
737 318
783 701
250 951
345 709
487 902
612 525
519 51
608 85
648 707
738 819
426 273
929 238
786 561
694 942
551 883
349 835
99 688
319 959
985 695
983 388
697 235
80 35
271 169
919 749
497 462
647 706
173 907
815 556
360 834
398 36
493 922
709 890
554 105
612 167
364 568
497 121
374 214
543 787
123 338
965 516
435 78
933 243
669 79
61 24
152 876
339 682
374 328
629 626
814 441
136 288
946 209
801 562
876 18
456 605
886 95
120 682
604 219
24 944
701 27
151 489
102 345
175 487
808 16
412 874
71 743
440 783
853 447
27 581
31 117
750 887
628 343
849 614
277 21
651 296
980 468
750 998
435 857
898 323
974 238
775 907
927 220
902 67
548 263
720 612
665 485
349 532
577 817
137 668
241 337
345 545
937 997
258 964
518 851
346 118
391 672
507 373
812 911
777 989
975 998
320 864
7 848
377 865
963 38
12 682
752 819
803 689
664 73
350 316
284 362
324 635
532 192
203 890
494 335
740 163
711 482
712 452
750 124
865 982
132 197
761 805
392 106
492 614
303 284
325 692
380 417
501 757
193 66
381 969
296 341
313 601
491 496
360 604
473 867
592 295
887 368
9 705
89 537
990 107
536 750
408 845
889 276
764 218
178 75
605 592
364 290
403 806
596 149
64 110
174 999
302 24
819 494
123 973
754 88
878 847
35 270
735 834
135 904
118 832
88 275
152 695
127 914
239 564
573 276
80 919
391 179
311 120
495 783
442 249
762 462
176 805
818 364
92 258
470 731
415 206
201 374
646 574
442 104
760 227
826 414
941 114
129 98
172 64
105 99
185 827
233 967
451 24
556 109
245 808
362 628
39 150
742 979
523 489
252 75
475 684
369 481
976 151
702 55
66 387
987 634
973 374
42 424
63 757
375 60
584 683
15 127
716 472
165 430
43 782
1000 315
29 303
531 21
32 481
130 902
777 437
191 495
764 291
994 312
867 58
151 877
576 666
787 115
910 417
339 866
489 139
52 645
805 65
329 280
679 616
995 815
390 777
925 936
87 925
623 831
2 257
538 511
408 728
795 452
562 913
636 698
250 365
70 176
54 597
22 183
650 868
351 681
690 101
339 49
897 645
935 837
297 613
690 500
175 524
162 701
969 59
145 553
449 821
311 92
831 645
162 573
851 59
710 770
414 351
658 745
496 850
685 192
614 238
248 665
266 222
346 416
174 641
132 827
684 504
940 914
471 120
552 666
627 254
974 81
508 227
530 488
370 252
975 553
264 721
543 341
391 744
51 683
950 377
168 929
208 126
171 2
781 965
198 857
120 280
111 536
424 934
6 336
746 180
655 845
507 27
865 941
935 205
635 775
526 986
657 601
674 857
555 70
77 694
143 841
364 358
891 110
434 421
661 702
222 284
136 39
563 448
138 669
108 419
424 482
334 869
211 525
602 265
430 387
199 901
771 284
839 181
805 101
397 74
942 326
691 66
540 357
709 362
434 888
697 838
614 473
59 705
853 587
805 808
771 216
991 957
499 275
68 260
984 645
269 539
257 243
332 657
225 295
424 29
802 913
784 236
112 735
541 290
172 121
943 668
497 774
133 610
871 910
509 841
517 652
475 89
168 895
264 638
979 601
46 896
820 595
128 29
717 501
846 235
78 273
236 290
722 274
366 12
114 29
336 47
111 184
964 417
418 477
320 723
617 323
655 161
323 456
696 814
894 945
592 911
578 430
118 415
104 313
782 348
952 7
916 674
811 316
823 414
632 751
564 156
765 557
288 159
877 135
753 109
551 438
521 103
759 51
778 542
645 300
32 148
1 987
643 404
79 518
647 880
852 774
9 676
235 780
662 515
424 109
614 776
305 734
35 565
148 892
990 31
757 816
901 417
705 157
210 725
736 629
469 746
866 904
204 743
444 342
487 400
992 862
314 838
814 11
653 183
909 781
987 725
261 878
709 96
894 164
568 864
988 185
201 345
917 371
367 300
520 707
999 283
656 387
231 877
732 182
146 817
644 453
116 147
493 25
263 182
103 439
286 237
870 415
393 745
525 560
676 684
152 719
789 907
167 811
82 218
592 115
640 213
552 993
664 219
369 363
497 830
149 413
563 438
837 512
621 132
371 658
411 763
727 49
603 79
328 639
458 562
773 185
521 336
613 954
709 69
937 416
705 652
617 456
764 425
976 136
566 403
513 517
164 759
97 700
739 893
276 741
271 418
578 496
459 898
614 970
759 23
778 562
50 349
970 282
865 544
611 4
26 402
909 365
433 444
771 340
995 818
64 240
961 870
607 682
411 325
313 939
960 58
979 262
533 802
117 532
918 487
576 202
960 169
11 697
287 220
267 352
305 53
912 91
371 121
272 314
789 491
516 597
19 983
974 809
219 984
805 625
393 639
611 702
283 843
894 83
149 110
647 163
438 484
552 703
789 62
976 987
349 631
98 825
813 786
964 180
488 133
128 86
275 297
132 614
613 363
172 871
394 185
930 87
937 849
846 803
594 328
635 540
446 237
451 977
533 283
845 473
60 887
367 885
5 146
542 75
449 264
831 107
542 474
47 984
254 844
323 384
507 239
575 406
93 47
9 945
817 858
481 633
43 670
161 591
202 348
7 134
50 496
1 771
955 350
813 932
961 209
981 158
984 110
124 116
183 684
937 88
26 281
944 812
246 244
288 532
363 40
785 792
978 519
47 370
305 887
291 804
53 909
3 248
657 146
340 351
123 857
131 860
794 4
281 111
83 55
68 289
624 369
149 928
775 812
387 631
983 969
220 27
167 572
495 147
461 991
633 374
249 637
106 414
90 571
716 859
384 142
632 58
106 289
34 194
931 336
381 249
989 506
155 890
547 896
333 394
885 877
242 944
793 256
523 155
963 80
836 482
142 535
132 489
59 603
180 509
864 618
406 779
461 500
997 258
416 314
24 928
75 382
458 586
791 56
328 396
706 180
495 367
526 987
910 314
549 602
830 77
100 874
567 634
531 48
489 789
643 554
60 488
223 108
632 835
282 606
431 115
46 750
238 619
278 386
464 996
622 318
350 236
235 200
701 194
409 450
862 111
700 286
793 612
408 646
335 501
541 554
501 29
469 639
364 363
148 712
262 362
210 641
852 48
658 921
977 821
476 220
850 573
45 849
301 487
552 59
93 69
754 897
24 628
831 811
281 75
889 158
104 167
211 390
34 405
235 508
606 797
556 498
828 271
642 199
665 158
97 364
704 436
723 400
430 582
291 284
965 81
542 967
279 807
927 139
950 56
935 684
685 965
733 469
802 227
114 139
828 947
741 510
246 948
906 5
660 878
413 51
915 817
73 950
765 345
721 147
178 654
158 392
90 450
644 439
938 148
980 370
123 118
659 18
368 383
173 794
897 803
899 912
791 646
227 389
47 246
928 96
472 92
951 860
184 464
478 22
596 413
118 41
13 147
948 274
199 872
442 687
176 231
351 962
69 285
89 759
97 204
829 243
452 826
144 123
595 298
870 848
347 763
28 645
834 142
969 97
201 207
55 252
999 712
872 884
413 546
568 865
258 305
461 790
289 749
510 317
138 300
756 61
889 916
158 921
840 240
237 640
883 178
81 156
651 8
281 342
485 114
101 381
290 96
708 94
418 284
342 423
803 691
952 343
988 621
517 897
510 761
901 354
9 186
85 399
694 827
902 852
315 874
82 947
88 524
548 520
442 733
100 846
427 389
298 378
320 478
435 63
276 4
117 673
748 773
441 909
171 358
754 434
408 800
351 768
430 369
503 581
537 773
61 171
874 718
141 83
566 988
938 607
926 768
908 827
624 104
552 213
389 660
132 638
638 409
395 857
987 643
325 40
880 849
40 408
837 640
595 454
124 886
71 709
699 356
221 248
797 783
870 207
746 841
888 537
275 989
81 990
724 896
253 184
409 257
36 386
319 613
555 588
102 903
522 232
381 212
243 239
44 4
172 209
391 881
713 499
471 455
573 839
462 702
873 245
233 854
125 832
975 285
552 990
256 139
994 771
693 321
685 670
446 146
320 749
542 72
488 307
142 858
356 330
13 535
15 121
475 588
169 809
632 697
204 789
351 70
570 738
296 920
577 198
980 324
840 944
678 419
611 35
101 913
984 111
37 213
735 898
459 655
631 813
155 182
339 981
272 998
149 604
136 585
154 71
586 449
110 899
454 273
239 741
442 441
940 584
957 358
582 29
179 986
590 568
875 19
124 147
750 834
162 699
337 455
176 376
729 665
291 402
664 600
900 824
975 356
858 658
125 401
550 808
292 520
781 650
394 120
180 553
186 390
594 11
371 958
432 689
121 683
68 998
81 117
328 152
615 496
708 150
693 358
699 957
42 360
59 602
850 707
172 987
873 866
376 710
803 937
904 402
833 540
791 331
392 198
726 321
158 429
329 877
458 587
995 288
815 533
579 875
674 855
414 586
860 654
494 500
481 555
557 746
562 980
284 114
503 382
345 68
626 463
240 158
743 791
326 364
882 692
285 713
514 693
550 95
883 974
277 713
999 988
944 316
677 168
67 519
314 355
288 561
130 428
679 347
979 193
106 831
491 875
701 788
395 865
932 88
625 730
935 875
862 281
965 16
14 868
77 464
827 756
470 513
754 252
81 806
758 632
483 655
945 957
448 755
811 515
491 695
475 42
497 566
881 781
409 712
428 156
211 596
489 410
426 559
128 96
972 545
185 881
556 160
495 404
183 263
586 667
881 537
898 527
60 986
849 59
977 14
671 262
436 385
669 225
47 701
363 760
275 62
973 171
207 955
47 546
449 503
12 999
414 535
588 326
971 342
616 7
523 501
503 173
678 851
494 400
385 940
868 165
139 905
599 311
625 88
454 770
94 989
57 980
166 150
565 984
60 380
961 239
501 222
496 498
689 677
984 39
141 46
731 818
457 489
27 907
11 526
598 454
32 995
918 473
64 436
752 909
925 799
527 639
913 831
765 966
257 819
528 606
227 977
378 591
461 644
9 511
483 980
743 50
309 624
441 424
59 105
102 9
28 932
721 673
524 132
138 475
68 24
684 849
822 417
594 64
262 104
506 864
499 557
206 821
462 675
210 456
546 174
508 37
806 708
988 767
901 720
851 561
30 502
33 434
440 428
904 475
208 56
191 129
360 131
731 436
697 4
418 511
238 228
646 191
43 918
673 115
768 297
769 512
259 590
312 242
133 169
356 294
142 921
56 474
203 93
22 755
60 546
904 136
134 525
174 558
946 575
774 377
731 707
308 304
369 774
935 81
196 817
783 257
663 76
528 877
174 70
800 183
305 623
913 104
877 311
364 142
900 370
633 691
501 35
909 508
326 86
53 774
37 129
60 102
26 178
120 713
942 380
378 641
288 633
110 996
454 298
828 99
614 532
351 694
580 652
192 197
727 879
31 820
657 397
415 405
309 946
470 120
535 100
741 927
266 967
162 660
73 471
954 424
885 144
98 610
211 321
386 479
712 841
785 515
401 982
309 709
955 191
152 128
771 218
358 274
842 583
81 255
474 422
517 65
246 834
135 367
719 605
977 86
336 90
194 856
121 1000
752 850
860 389
94 673
5 144
902 166
962 341
726 314
18 285
807 31
549 465
521 370
886 572
27 489
9 38
503 228
910 348
342 162
787 19
937 386
440 166
35 912
105 734
514 908
109 254
882 830
576 765
569 168
665 860
905 205
834 189
240 194
143 230
632 920
562 531
708 344
434 158
585 579
550 387
493 530
894 25
252 863
805 223
455 602
174 377
158 359
663 527
150 127
357 553
563 978
68 412
322 956
235 133
92 266
520 959
261 787
353 978
665 779
926 543
934 750
614 274
872 845
300 206
541 904
150 456
580 277
620 534
750 925
401 946
594 121
225 506
888 166
765 224
824 654
641 40
716 932
59 895
133 668
290 234
797 677
141 877
953 351
461 144
591 634
518 600
914 183
756 554
260 311
134 280
251 930
397 586
493 33
521 366
658 305
626 125
847 871
8 390
652 855
392 37
184 327
847 788
43 764
299 534
619 669
443 579
735 71
230 905
729 30
986 631
435 231
662 634
313 775
558 571
795 135
691 470
182 735
18 852
448 153
909 4
841 342
224 432
773 597
867 390
719 723
248 310
339 97
454 104
70 147
153 229
460 935
157 821
657 341
325 495
723 180
996 803
414 303
521 899
999 496
927 87
664 949
132 907
6 868
922 373
580 265
284 862
197 967
111 897
367 491
968 122
717 353
556 161
579 320
848 1000
919 922
702 542
65 587
137 326
581 643
676 617
290 316
169 565
523 278
962 362
157 119
983 384
842 960
27 553
615 756
502 706
308 63
320 581
359 988
469 108
387 277
492 323
756 812
668 350
706 9
209 309
800 974
89 57
40 979
33 312
272 126
703 372
528 277
84 260
194 324
632 457
844 270
304 823
325 911
930 803
457 287
95 277
960 418
800 394
503 641
119 224
533 652
435 481
45 802
136 514
540 626
654 452
503 822
712 572
73 169
631 570
571 279
35 209
525 120
515 91
452 986
913 600
736 197
646 598
3 464
315 450
238 150
802 944
27 93
1 215
419 352
824 229
137 567
870 3
449 426
871 862
672 880
620 606
418 56
400 595
55 269
996 509
614 4
941 300
712 12
508 183
309 386
189 876
611 521
29 771
893 196
369 360
811 849
498 76
462 723
299 341
626 848
589 92
792 130
156 313
87 583
548 711
133 7
289 609
323 425
397 658
476 909
574 978
189 272
846 576
364 885
748 609
960 575
624 607
858 771
406 531
36 564
678 975
347 733
991 28
259 367
903 942
578 83
186 833
781 462
710 444
342 976
539 292
959 579
195 814
126 518
999 653
38 328
269 577
22 358
544 205
112 207
708 221
71 417
539 501
5 819
53 415
123 958
970 989
419 81
457 230
684 611
957 689
374 621
838 220
141 388
737 47
652 16
747 146
784 152
452 62
20 666
519 704
687 848
416 6
766 29
290 160
76 721
422 941
632 33
580 321
341 723
563 584
987 321
863 818
257 474
224 787
189 799
889 551
543 492
251 714
54 171
876 641
224 642
281 637
525 930
530 844
158 149
729 45
774 67
479 987
506 126
262 887
821 492
527 318
536 227
228 447
394 617
33 191
591 325
935 186
369 199
646 299
706 222
318 136
319 721
947 728
485 267
14 129
623 391
184 172
682 87
762 729
908 661
191 491
229 676
347 953
786 57
937 163
504 568
303 18
14 419
307 87
933 183
535 711
814 394
585 308
378 960
51 90
986 515
861 949
437 841
102 823
41 917
196 564
822 768
714 137
865 291
991 679
728 997
269 785
879 838
274 937
738 130
871 418
692 759
396 404
516 421
330 400
535 327
16 265
984 685
277 563
735 576
663 295
908 862
499 424
7 323
756 730
306 632
415 174
509 95
456 85
555 835
850 125
49 218
949 583
219 854
870 296
614 125
489 444
219 199
20 924
385 361
300 380
284 537
34 48
452 327
129 876
684 26
816 994
945 706
432 923
822 136
42 342
281 714
247 307
375 254
787 336
647 324
142 820
734 946
699 669
259 632
223 331
959 199
431 286
422 119
797 153
753 69
200 835
476 740
757 661
4 83
9 803
194 353
450 663
624 758
558 713
812 841
543 718
765 871
628 789
421 391
403 900
299 504
691 473
252 781
326 12
398 905
257 523
701 48
136 664
100 681
943 247
503 700
197 497
678 505
862 509
459 570
575 984
562 489
272 103
218 943
22 87
278 973
358 159
948 893
1 296
40 338
745 531
597 594
898 796
417 536
783 941
314 896
956 311
318 968
300 179
393 535
505 539
968 413
179 726
879 681
534 476
132 884
314 115
232 408
139 68
770 318
941 455
449 905
506 842
822 793
846 124
9 417
583 403
251 754
513 113
384 907
223 632
940 144
695 414
975 958
26 127
954 647
777 134
418 828
382 117
74 970
735 499
847 401
616 9
938 36
85 202
782 288
198 603
324 802
716 28
493 917
61 249
985 453
665 795
92 792
751 603
97 630
39 623
723 678
391 19
174 754
247 968
710 480
857 940
70 835
41 335
848 601
44 810
575 542
994 222
44 697
762 98
304 534
943 717
533 651
770 815
933 417
991 767
630 85
478 454
830 571
62 641
395 830
815 331
235 191
951 285
292 142
775 595
649 715
245 362
455 647
144 397
790 116
295 686
480 21
852 309
747 169
305 158
489 201
399 764
884 966
49 145
926 374
915 515
441 136
205 415
99 868
278 483
881 938
916 159
699 793
813 172
595 984
944 224
853 117
3 943
893 180
986 470
751 74
608 460
424 979
939 52
794 977
635 997
906 183
484 927
842 997
464 355
530 410
217 941
949 484
646 332
834 36
281 988
866 501
521 54
761 665
84 426
70 537
714 545
911 969
643 615
679 285
926 492
848 807
786 101
400 296
626 356
921 762
353 264
743 575
874 698
743 396
890 64
306 17
995 647
887 621
265 616
670 941
913 904
516 307
499 689
61 394
602 926
931 892
275 768
650 988
723 254
796 626
193 675
196 262
586 138
749 942
309 545
956 264
371 280
478 732
662 222
757 340
850 150
174 420
894 87
254 513
897 975
846 410
828 673
171 750
376 864
106 457
200 142
219 250
572 702
577 784
380 943
487 965
573 836
975 592
311 271
683 361
811 188
812 403
888 630
180 485
815 653
542 79
893 457
109 474
274 177
780 278
275 120
518 468
351 429
100 227
891 232
284 506
983 312
308 496
792 445
521 193
868 232
338 911
445 169
302 530
318 488
142 123
125 641
200 808
644 281
921 948
62 178
424 267
776 96
298 492
407 194
982 338
549 789
127 377
438 764
165 28
923 96
835 684
285 659
400 163
443 775
503 773
217 502
736 578
274 535
425 641
11 584
417 785
840 584
168 189
28 601
732 933
220 241
2 60
645 710
885 193
966 258
490 91
275 909
130 152
499 427
121 477
824 946
288 788
23 564
67 380
589 479
58 89
902 324
561 70
580 522
530 911
767 592
695 151
76 581
676 678
837 674
985 356
405 982
82 709
424 527
973 51
100 417
318 504
87 165
425 502
632 506
816 705
657 707
655 840
218 167
425 263
812 661
463 763
372 940
937 508
22 718
721 341
479 109
743 784
928 233
14 98
986 851
262 536
130 615
4 92
856 759
78 869
709 785
910 88
415 922
588 914
204 907
84 337
514 688
928 911
420 883
972 384
442 663
313 773
559 224
305 693
468 103
61 855
915 446
715 494
843 181
899 231
604 508
567 554
252 893
53 892
598 38
184 645
495 767
296 991
795 423
132 60
528 282
639 148
567 603
457 44
849 850
353 847
425 526
238 908
264 204
161 673
438 772
261 885
119 961
282 304
254 198
54 852
182 281
166 870
978 408
653 368
73 382
989 312
37 667
550 222
997 797
678 995
215 304
137 939
906 815
216 941
488 178
750 558
586 567
860 186
366 823
573 795
794 728
871 538
922 391
9 305
319 84
820 975
549 883
417 52
350 634
591 600
907 681
263 674
666 662
824 649
629 524
226 670
873 637
110 426
252 366
437 186
296 464
920 554
761 764
977 975
482 487
778 648
84 407
616 400
32 58
910 389
114 75
956 707
739 213
672 10
446 741
625 46
330 898
408 968
397 48
827 711
40 243
787 948
876 8
142 508
678 274
270 429
297 373
117 412
895 595
106 911
932 153
550 344
183 769
97 192
888 693
31 861
143 835
93 52
165 647
582 585
153 199
596 93
211 57
322 994
110 809
684 520
97 418
671 347
380 567
641 731
549 498
206 239
63 546
330 112
853 844
825 535
521 782
339 991
970 250
174 504
984 900
159 364
676 858
8 806
831 446
673 564
472 658
216 905
141 802
572 522
484 186
16 660
54 380
992 510
315 896
195 438
474 227
696 184
608 444
41 279
595 632
336 159
523 389
377 581
782 402
858 60
714 231
19 98
232 1000
995 381
868 245
397 737
876 196
45 812
617 187
326 280
381 963
511 788
203 47
675 857
181 991
491 488
753 925
478 246
117 350
563 172
527 777
549 961
861 943
532 753
438 640
238 662
421 350
891 452
874 857
782 889
658 827
808 212
645 463
39 880
527 595
317 910
67 839
781 63
306 225
804 352
734 225
461 579
297 482
709 301
110 858
823 594
934 630
992 892
210 980
62 781
391 169
175 630
378 622
369 69
609 250
771 791
219 341
955 730
758 901
262 414
253 195
879 627
837 823
999 314
805 717
833 968
444 699
973 777
747 434
123 178
953 471
499 157
906 999
564 767
266 6
505 812
362 751
76 433
137 307
17 805
713 576
551 928
717 440
920 934
744 362
751 105
60 780
315 797
527 312
171 974
986 90
369 116
652 991
372 841
570 908
330 617
882 938
220 773
351 61
477 328
568 644
548 987
556 574
65 125
70 750
967 116
36 554
200 952
458 77
305 24
260 146
49 929
106 658
605 748
87 693
330 986
799 732
377 413
731 974
53 758
990 73
387 446
339 985
253 675
805 220
528 319
749 623
509 394
878 877
131 818
101 704
597 715
225 384
880 881
789 409
538 155
232 640
747 227
180 864
514 128
111 648
850 232
137 915
45 10
600 511
270 913
586 830
605 114
642 252
457 994
404 223
666 246
54 107
419 314
392 654
102 935
30 128
214 621
931 343
271 670
937 918
628 171
573 758
355 521
979 579
525 627
721 736
828 932
409 530
530 686
307 731
953 205
938 411
43 53
81 506
472 521
589 98
220 971
846 947
595 753
423 860
621 657
725 659
605 760
806 380
19 154
764 639
702 189
5 403
8 393
852 522
778 661
262 514
341 11
338 771
164 38
912 574
431 126
36 590
551 281
795 235
743 753
231 477
606 315
936 323
844 372
701 221
244 536
740 677
501 119
339 772
549 921
606 202
316 44
942 328
389 712
987 801
457 66
476 298
278 80
306 79
359 95
643 122
257 811
3 219
23 772
5 777
300 911
107 415
185 697
421 985
335 135
616 935
174 259
175 558
42 719
42 869
409 946
557 284
589 625
326 601
129 51
295 490
277 107
162 445
533 154
737 311
367 500
405 791
352 540
858 485
399 297
3 804
559 96
993 579
671 381
414 238
437 23
363 19
977 2
321 486
964 280
786 552
473 291
627 488
276 763
580 867
258 157
950 718
509 534
664 483
332 49
498 777
228 482
545 416
673 107
143 988
806 265
221 871
883 719
705 698
155 665
726 208
639 785
472 771
973 199
593 365
761 643
856 681
195 537
424 309
852 925
445 65
448 427
194 323
969 503
455 360
41 460
957 230
840 972
511 81
614 770
649 926
321 765
69 375
507 726
59 481
481 503
171 885
620 6
128 742
589 55
522 638
156 600
654 459
583 291
567 958
624 208
701 820
956 240
317 587
842 250
954 400
202 669
314 819
172 309
547 259
505 580
269 569
589 644
642 422
638 211
533 845
955 151
793 48
871 859
239 221
849 377
441 645
614 59
697 110
964 94
965 419
801 194
769 88
614 426
221 888
242 866
370 175
189 873
134 42
907 502
258 408
99 580
831 159
854 724
746 421
108 910
933 715
290 351
702 392
628 277
952 459
453 898
573 404
212 572
651 715
47 962
240 508
898 928
99 435
778 730
949 275
368 400
901 144
61 851
134 513
268 531
783 156
826 689
867 794
886 865
579 923
255 274
131 170
574 130
43 598
196 844
514 633
537 776
922 290
402 491
190 956
624 30
145 395
118 808
157 984
839 776
883 680
790 308
184 336
176 766
339 26
654 423
246 441
931 894
325 19
792 527
474 622
420 328
757 417
561 382
10 460
675 498
441 284
698 945
883 375
357 868
910 549
976 578
594 145
812 216
704 497
428 209
276 109
388 730
819 849
932 592
517 718
609 677
741 416
464 148
407 192
604 888
594 322
237 634
869 76
707 97
157 64
18 390
347 382
488 870
612 290
958 818
982 148
68 572
217 798
694 792
367 11
990 611
955 748
488 327
133 137
959 829
752 712
217 56
120 332
381 885
298 347
182 981
807 484
479 297
304 867
636 892
434 84
550 52
454 217
976 928
934 215
460 586
299 972
28 262
912 497
565 473
269 44
566 770
74 452
610 242
94 3
822 775
865 288
350 312
210 663
50 44
288 665
128 686
400 67
460 640
352 460
544 857
26 5
893 611
417 568
490 54
625 561
866 829
687 313
750 839
235 278
884 905
455 672
504 469
340 571
969 141
842 389
667 594
444 745
564 958
410 553
728 548
182 93
536 493
314 205
978 212
618 127
34 220
508 139
147 423
440 667
497 926
831 497
484 236
926 479
856 15
103 586
767 547
65 611
554 977
284 651
752 995
396 825
399 234
116 614
974 366
260 307
868 936
200 616
809 542
60 640
702 211
51 511
839 366
131 439
463 618
754 751
673 424
602 510
613 734
924 31
622 868
140 79
517 408
688 890
339 662
877 362
715 19
776 237
799 691
670 713
571 405
396 198
435 280
990 42
156 710
641 930
288 566
990 181
170 934
562 484
72 616
269 818
71 618
899 391
576 8
975 176
923 285
656 240
395 868
344 636
55 150
569 353
491 799
970 867
963 502
924 894
234 166
560 890
500 869
121 616
619 281
361 57
508 312
441 369
977 359
968 126
717 285
206 802
390 229
547 930
142 586
270 575
63 204
263 510
301 583
656 602
877 744
897 320
494 454
938 380
497 228
405 601
797 423
413 446
741 218
324 146
854 427
158 498
588 323
330 607
85 215
577 547
807 944
956 733
27 243
393 322
783 296
592 307
41 51
739 36
8 132
853 52
359 271
108 13
443 193
472 320
326 111
224 481
717 596
952 569
827 935
240 891
738 214
258 150
336 890
387 262
726 639
680 67
828 459
222 974
81 714
596 95
652 153
732 879
269 679
828 442
847 78
799 235
570 712
408 164
483 808
77 320
828 664
133 574
280 926
746 113
339 445
305 381
290 11
935 761
58 31
42 632
418 497
188 686
337 44
390 54
451 36
159 511
458 968
2 550
993 569
190 387
232 149
255 374
968 233
437 106
635 521
955 595
877 716
826 378
935 428
464 471
833 906
983 416
821 5
219 351
494 343
419 483
971 361
95 945
173 888
860 994
377 391
226 46
311 543
810 362
278 332
575 686
522 550
502 238
324 300
933 96
715 579
866 69
212 55
875 273
40 96
123 965
514 408
685 417
957 348
10 747
12 77
895 48
546 664
359 247
880 934
663 160
516 604
390 353
447 656
818 356
340 544
224 969
116 79
137 966
582 356
93 681
441 312
6 800
922 425
154 991
907 55
875 635
328 966
148 177
918 917
298 738
261 510
941 268
998 327
96 465
975 605
744 477
466 575
833 354
86 824
437 78
313 80
332 148
993 694
618 333
176 488
964 337
347 369
440 77
792 226
591 530
226 610
392 208
431 657
986 88
733 434
243 561
136 213
318 61
194 119
871 320
898 901
955 860
904 218
902 965
407 505
670 417
765 637
221 991
365 288
481 739
632 925
161 561
75 151
424 413
796 237
745 718
563 138
212 484
639 415
810 465
145 374
865 295
774 923
39 790
154 460
743 258
581 419
819 466
782 714
490 420
914 450
480 242
328 964
654 384
568 961
153 254
985 712
149 824
277 371
81 530
23 851
390 690
323 749
180 866
595 257
749 911
932 433
951 503
37 531
962 812
357 822
504 470
396 758
435 289
315 270
599 534
842 533
680 456
510 383
269 688
901 992
884 168
189 974
577 832
135 424
840 14
113 636
220 304
834 564
872 767
450 269
267 833
34 76
665 342
398 107
450 188
627 484
609 561
205 134
192 617
873 868
210 904
768 200
129 514
926 594
155 526
545 410
838 769
161 401
845 327
300 231
38 200
810 113
406 620
997 493
359 516
568 67
52 988
604 641
140 888
170 355
597 332
855 624
821 896
663 337
4 238
81 130
5 497
126 755
41 103
61 124
799 690
412 714
253 724
858 207
738 64
599 324
762 74
498 694
657 46
785 241
804 299
752 108
848 671
244 824
651 332
908 249
912 252
72 617
861 183
511 354
594 530
634 499
874 290
656 241
179 572
861 40
810 870
581 185
215 495
914 712
537 259
993 193
331 806
230 40
234 167
822 300
149 62
991 859
394 21
745 305
266 250
548 276
508 313
110 477
456 196
812 161
443 462
266 77
86 602
784 386
859 838
293 788
314 337
333 19
211 971
290 454
163 940
973 67
149 385
150 698
673 783
198 802
897 327
668 518
264 836
871 757
950 716
772 740
848 386
501 612
617 331
599 239
657 684
57 252
762 571
446 398
622 39
308 427
352 875
42 251
117 549
980 681
411 930
948 251
643 527
57 990
921 881
82 333
938 345
402 370
131 176
796 166
528 972
361 813
341 271
344 29
348 573
554 880
246 132
818 829
550 460
681 115
59 419
69 178
173 471
446 549
156 555
406 879
165 819
738 215
425 734
64 394
619 184
72 901
21 286
6 648
961 557
107 381
393 52
24 599
41 543
44 362
500 932
107 266
15 725
236 942
77 97
872 906
410 871
951 172
349 762
230 167
894 398
381 201
314 130
245 938
1 724
410 657
396 924
608 226
627 190
742 861
893 223
910 644
803 299
953 154
609 520
39 229
993 681
725 902
168 973
142 726
471 286
788 204
241 297
99 727
116 607
877 860
324 620
935 60
273 623
464 359
558 789
470 461
609 859
556 710
181 323
692 638
227 200
462 865
708 537
17 378
365 170
61 849
282 622
869 746
456 821
402 870
795 804
498 668
852 947
579 925
672 41
32 200
769 853
511 998
991 424
832 303
830 878
668 93
464 931
364 132
900 376
98 56
190 536
286 859
362 485
839 885
37 139
408 709
724 459
33 852
608 612
66 631
496 754
689 933
619 164
19 878
793 839
991 620
685 305
44 447
836 931
456 431
900 956
421 383
836 818
582 202
862 618
836 587
867 816
900 485
889 968
671 896
825 560
771 566
976 580
495 244
83 836
577 891
979 827
537 21
793 131
119 601
290 415
220 732
993 580
354 714
959 379
318 369
500 636
587 824
785 944
793 792
707 99
817 487
211 880
925 89
854 353
264 84
674 219
167 186
905 21
29 181
801 196
837 782
345 192
868 235
104 377
329 653
394 741
877 98
473 164
290 946
123 437
743 889
193 37
768 39
583 929
506 151
415 563
397 484
386 855
500 425
887 303
706 461
819 55
213 780
112 145
627 786
185 627
773 746
779 869
544 238
909 26
316 506
410 115
675 758
822 948
749 620
952 754
184 860
81 640
468 412
896 677
291 189
292 194
975 379
3 414
150 339
478 700
941 60
745 459
46 288
908 395
451 304
724 953
714 374
223 988
900 807
524 251
909 559
931 203
271 618
733 811
715 864
790 661
941 478
390 108
656 338
300 377
391 850
158 107
767 557
860 321
128 10
772 995
547 103
683 312
43 548
24 75
65 609
251 858
750 368
989 660
389 462
765 333
591 843
798 821
322 18
929 58
419 968
4 826
242 285
541 77
872 188
467 640
270 157
695 708
169 782
427 933
416 945
215 547
218 453
38 88
460 394
92 952
587 497
402 271
649 790
189 53
83 558
136 273
654 33
412 340
35 691
292 290
413 516
402 414
723 638
745 986
173 609
486 744
895 772
17 253
314 585
692 814
61 236
136 669
895 149
956 127
403 873
140 76
468 321
509 427
866 876
480 159
460 989
746 726
603 867
250 505
988 319
22 475
245 258
713 112
288 901
917 358
42 864
611 657
336 589
903 343
779 333
46 316
124 548
215 351
16 895
309 662
510 265
756 360
597 873
68 35
932 692
553 636
68 781
814 290
923 859
301 931
33 333
458 978
552 526
898 518
404 323
119 438
212 788
664 119
422 268
333 372
327 719
360 174
432 523
596 993
150 901
441 668
647 564
651 561
156 241
947 742
216 412
487 803
661 616
810 82
260 55
902 898
818 585
216 267
317 971
108 361
436 272
113 133
593 755
276 697
467 506
375 285
108 504
878 748
324 680
136 347
139 876
726 800
675 782
661 955
353 336
874 485
840 862
857 800
487 165
917 966
3 26
342 641
848 749
745 839
211 223
52 480
733 318
774 864
232 829
714 93
382 167
3 312
810 712
537 723
207 56
27 686
67 909
534 147
357 639
784 178
289 628
474 719
331 965
157 565
304 87
145 889
898 345
388 767
940 956
158 897
799 560
399 409
955 281
819 886
239 79
759 900
155 826
10 107
413 126
328 650
517 632
557 359
720 267
670 169
943 585
547 702
805 909
473 429
401 440
94 607
572 904
126 953
621 342
512 182
604 548
347 614
204 154
902 991
502 851
160 16
503 139
386 558
356 444
649 221
875 501
821 967
558 522
687 994
320 500
895 847
967 434
113 644
335 260
47 496
840 890
641 895
726 554
142 476
970 229
594 697
546 948
374 325
265 823
32 518
931 658
179 857
399 904
292 88
442 429
151 263
853 665
547 450
106 894
573 403
35 310
419 87
314 867
296 810
581 239
748 336
585 127
516 606
205 715
775 707
227 835
662 250
229 722
514 43
756 234
888 34
211 311
619 338
658 474
586 873
382 268
720 683
600 517
674 276
12 403
375 263
930 340
869 151
162 83
91 59
453 688
734 898
285 407
87 47
253 259
521 409
998 423
195 406
489 629
290 382
402 868
412 60
109 102
471 515
938 84
591 818
852 754
599 263
657 516
105 711
179 328
539 504
706 75
835 629
412 450
14 58
908 968
151 871
781 492
696 188
990 930
94 119
60 291
725 861
575 716
318 669
554 841
757 846
61 199
463 215
709 747
840 662
658 795
787 581
295 958
829 194
960 31
864 878
838 16
396 3
18 525
205 909
645 688
832 89
27 761
786 909
323 606
842 174
71 528
899 317
261 796
232 644
896 597
1 375
384 377
375 878
723 14
870 227
890 110
42 551
140 798
182 161
384 232
2 859
594 225
685 54
465 946
281 144
521 975
836 166
430 563
35 477
842 531
738 704
371 25
655 659
693 588
750 535
717 374
6 3
82 303
113 707
720 437
885 689
190 345
671 298
68 893
841 571
950 375
272 874
916 451
384 852
792 81
712 296
560 364
7 547
673 67
527 280
711 527
582 925
535 829
937 598
524 676
265 465
274 33
50 867
42 5
953 947
989 968
919 416
924 26
377 355
801 449
506 57
687 821
448 498
981 200
675 759
826 999
760 525
731 814
201 879
843 168
404 724
117 815
802 664
70 123
40 58
795 442
505 338
303 643
199 562
240 673
168 158
921 320
943 979
213 380
184 1000
884 889
124 950
87 279
841 10
54 809
736 304
699 420
442 71
441 862
267 48
395 71
159 230
922 97
936 929
866 574
462 429
750 576
237 659
234 770
776 921
798 346
638 917
842 646
59 656
850 893
487 776
989 582
919 915
497 776
974 298
794 596
445 552
394 358
949 232
69 861
73 957
989 87
479 793
544 542
856 992
160 791
103 841
473 336
769 643
552 813
293 709
714 488
778 339
526 525
329 817
275 183
63 766
134 398
104 291
331 94
364 877
679 230
373 713
321 38
531 87
103 233
626 491
736 418
604 306
86 337
697 684
243 950
209 890
359 264
730 428
551 683
922 294
666 596
739 438
984 558
482 181
377 89
947 165
469 425
677 116
785 579
631 229
300 585
842 4
473 607
112 297
19 743
387 267
895 637
196 665
643 90
383 373
496 551
244 141
5 290
491 988
384 434
116 455
707 700
135 191
67 541
875 882
253 826
254 77
480 410
871 198
603 620
508 488
861 300
650 663
450 659
690 660
747 461
840 249
380 786
112 836
650 358
335 554
571 79
720 494
9 455
524 482
786 761
345 607
896 89
223 848
128 499
764 575
377 878
391 554
308 196
56 789
996 169
134 328
321 375
964 399
379 185
750 408
612 409
539 342
501 582
285 837
685 918
660 887
20 406
95 946
730 255
397 284
512 708
109 18
721 400
263 931
110 322
933 779
551 332
644 178
693 443
265 285
634 133
962 534
515 679
383 213
614 851
715 41
946 281
910 132
161 923
850 909
313 832
482 857
834 482
429 830
308 312
364 277
162 110
614 701
726 559
92 307
535 15
500 228
687 176
232 794
529 178
287 198
879 920
737 951
934 619
884 770
421 524
174 204
912 85
320 986
119 900
724 794
840 311
698 957
935 952
659 842
487 541
647 149
334 176
395 284
825 679
698 159
507 840
862 906
423 458
263 285
603 278
751 150
54 162
772 777
257 332
433 334
299 201
524 390
67 53
967 670
439 751
467 904
933 747
626 879
310 634
705 580
406 947
268 894
332 174
652 980
798 878
655 227
252 316
19 133
686 995
694 574
611 332
99 32
85 125
434 263
606 433
841 216
48 798
729 10
602 312
415 573
770 604
511 900
814 397
373 931
501 158
307 461
812 876
477 901
941 7
923 23
689 971
269 953
143 992
165 888
495 737
701 918
539 39
192 138
908 208
545 650
503 838
148 685
679 835
296 888
300 928
911 230
932 45
201 61
537 699
611 998
103 84
658 589
115 848
337 318
672 977
15 861
969 177
555 696
3 529
978 65
673 661
784 266
713 180
660 405
367 479
794 351
422 242
45 295
671 247
486 507
569 597
826 108
657 63
222 610
653 193
1 263
113 706
225 732
229 188
730 883
128 443
720 325
171 127
191 112
952 280
988 558
590 270
276 978
207 942
522 982
764 5
433 933
622 159
240 425
168 469
422 31
388 155
963 777
434 457
970 864
330 694
592 45
554 477
631 196
958 12
65 163
393 372
913 381
24 746
331 32
78 879
653 627
810 158
792 701
649 788
338 655
612 54
835 737
359 743
14 390
416 657
494 846
247 914
123 672
500 909
192 103
258 762
222 839
601 382
508 880
89 530
364 492
75 611
828 35
11 763
620 829
511 508
258 432
10 561
512 979
451 385
988 168
220 66
2 909
189 215
650 609
478 670
462 3
114 777
335 935
202 580
940 986
723 410
907 227
672 876
31 443
90 997
201 388
183 364
498 611
993 928
208 408
997 872
599 676
510 489
385 334
684 511
595 965
318 700
298 803
618 494
655 615
656 719
536 405
683 294
439 676
647 387
972 290
565 790
12 698
307 123
60 834
280 322
157 409
946 863
543 707
836 351
506 678
582 879
329 935
73 781
848 389
190 908
742 609
48 637
161 434
324 922
40 701
574 830
761 789
742 752
433 850
730 24
844 32
863 324
204 199
445 235
763 80
992 320
970 410
492 202
679 374
94 274
338 736
190 769
858 942
741 331
950 783
927 863
425 912
562 723
175 36
748 170
790 451
256 982
95 285
193 269
250 214
658 209
257 616
258 195
294 525
244 1000
357 695
909 32
458 68
314 730
408 539
960 88
121 204
874 498
469 650
932 22
952 684
516 469
26 121
754 604
836 586
512 768
969 111
637 546
304 250
505 591
338 118
22 340
831 710
98 966
36 400
371 35
542 926
914 973
510 442
183 762
922 448
546 308
586 597
716 996
132 629
629 593
9 454
465 132
987 27
592 681
526 716
945 515
413 493
259 923
167 2
722 439
484 61
808 864
441 845
705 744
6 279
45 720
545 71
85 262
583 523
897 739
333 632
851 903
583 664
703 259
602 434
51 168
235 711
476 683
903 934
316 796
265 714
505 205
156 580
829 474
478 248
80 583
435 295
173 423
61 560
145 733
663 196
245 53
391 385
504 881
179 859
550 382
199 612
320 555
837 115
433 117
508 559
469 799
92 72
760 128
888 437
233 256
785 617
328 971
909 520
680 464
609 478
98 861
581 912
530 930
358 267
909 665
37 814
941 264
503 907
175 944
15 655
185 176
257 323
186 347
171 389
389 326
358 629
309 31
521 415
342 473
255 872
518 60
975 895
688 279
411 720
513 860
787 429
437 364
699 413
385 705
173 950
981 879
820 163
768 270
722 701
74 601
122 785
213 70
434 437
473 169
381 880
644 256
250 678
155 501
708 655
303 181
105 854
89 121
326 382
398 155
938 884
613 566
77 594
483 788
795 939
930 752
191 753
359 339
161 1
494 802
524 547
246 195
174 924
250 270
716 82
553 117
421 717
407 348
373 196
871 325
987 681
948 754
698 653
218 979
361 736
664 644
940 383
224 139
962 953
597 305
687 452
94 303
529 814
380 518
141 416
126 230
92 434
534 89
202 734
993 185
277 224
806 948
353 858
559 766
796 732
286 374
487 923
756 200
480 323
7 456
194 753
46 662
170 522
769 249
612 911
228 944
916 239
385 353
651 74
11 235
397 782
343 54
937 809
220 675
756 285
354 749
890 779
294 65
677 855
250 868
826 335
721 19
703 903
635 565
302 996
926 226
517 975
313 225
703 20
941 927
1000 101
910 662
233 602
863 722
223 179
483 30
800 844
493 654
674 877
34 214
289 457
386 840
165 374
320 606
578 497
890 463
393 379
489 770
329 629
751 734
718 910
386 532
95 26
441 615
761 602
709 794
490 587
307 10
326 346
200 986
238 630
593 549
27 155
246 13
50 280
765 895
18 826
718 923
420 890
41 107
535 267
597 38
526 482
305 686
213 813
878 561
681 27
311 496
540 202
925 896
896 870
344 803
967 261
736 613
884 677
120 778
47 283
585 832
362 331
749 589
291 205
143 884
41 166
408 431
575 849
887 963
529 889
876 336
418 728
258 433
462 145
117 242
938 499
14 882
589 666
22 329
33 608
620 988
549 424
93 367
922 378
104 587
832 32
34 138
475 36
43 472
172 252
745 198
195 165
603 288
50 736
822 66
272 682
312 391
33 391
998 259
533 390
664 203
719 623
613 168
404 381
85 527
232 205
674 60
753 654
806 545
592 861
495 380
398 279
915 171
955 698
668 433
467 816
584 640
298 997
697 103
682 245
846 512
338 959
389 193
673 478
565 88
960 622
947 792
216 270
127 472
6 146
139 784
122 184
269 141
644 111
26 386
227 287
434 95
493 576
2 151
814 458
943 34
343 600
131 82
518 866
395 985
732 582
455 533
684 993
300 986
282 125
396 453
969 413
453 244
537 705
59 133
357 616
728 852
638 507
736 367
295 678
331 873
706 791
37 727
993 225
6 942
564 972
487 763
755 859
599 730
379 639
201 423
292 586
519 501
281 511
599 843
823 771
256 11
789 927
721 953
831 308
432 684
725 898
466 743
413 492
323 734
346 49
590 212
683 402
248 971
760 767
389 3
488 450
697 18
683 165
868 109
794 840
996 722
933 983
148 322
38 133
811 391
61 764
300 217
416 909
894 808
921 928
574 938
118 358
299 568
678 964
498 664
766 797
341 446
911 838
861 567
438 744
133 450
608 970
397 77
623 697
402 485
221 963
190 540
908 863
415 377
217 482
454 401
205 789
776 313
944 907
268 77
642 350
805 178
934 542
547 455
819 362
126 376
129 290
644 647
496 581
577 684
441 614
896 588
220 148
990 400
23 955
962 965
927 385
909 950
470 724
132 933
477 404
405 119
46 379
283 839
983 942
585 459
125 386
676 790
702 786
963 322
530 931
514 793
716 954
163 778
975 683
742 226
364 42
508 236
423 85
975 600
209 73
988 725
699 938
594 316
446 153
232 5
394 316
787 319
788 236
446 632
212 958
507 10
785 653
924 787
872 68
583 750
74 374
875 446
493 964
664 336
649 28
240 82
984 849
257 468
490 592
623 398
702 742
900 171
522 741
299 548
908 654
578 944
866 256
779 785
489 513
49 986
865 600
314 328
637 687
212 481
982 709
326 25
916 155
517 320
4 277
98 472
240 908
506 253
123 631
931 546
622 543
145 361
622 679
169 355
335 394
546 983
330 555
411 426
675 553
545 662
844 956
890 678
558 886
460 949
10 648
999 224
617 116
344 614
607 495
311 34
813 348
979 12
980 307
470 641
550 581
534 94
516 573
168 451
997 656
407 636
796 174
267 9
819 612
371 109
999 343
570 277
864 904
646 678
111 134
654 961
169 651
764 946
160 544
813 616
399 155
327 588
642 904
973 90
833 719
402 470
487 210
195 486
512 420
676 639
35 405
204 360
613 4
228 102
428 608
584 278
110 6
388 246
119 204
947 609
360 197
177 817
493 23
845 322
80 196
333 686
468 683
414 689
240 314
683 248
124 40
411 989
346 698
368 478
721 478
823 494
85 493
781 444
393 459
800 471
126 869
608 485
146 245
865 523
921 777
994 465
355 313
140 411
322 466
895 947
362 406
844 706
443 827
351 978
671 627
672 307
344 804
18 733
34 854
295 863
187 431
614 635
691 254
343 947
645 657
227 958
266 562
802 704
430 769
676 220
822 519
658 540
183 987
822 753
524 949
361 257
508 592
202 755
167 583
573 448
63 566
13 295
103 305
823 24
201 313
185 924
611 738
82 492
101 336
763 943
803 468
145 802
475 39
250 558
205 498
718 596
290 80
916 140
546 129
765 11
177 738
803 306
423 802
169 658
212 784
484 29
531 668
471 369
163 544
63 91
730 964
824 257
933 673
609 961
464 368
172 577
333 594
194 440
13 596
325 706
678 846
332 270
29 490
976 738
786 231
182 996
271 349
701 280
633 578
913 232
40 876
75 396
648 107
688 796
589 396
106 725
904 836
248 638
321 758
396 224
361 966
440 954
940 969
947 215
144 216
174 68
311 245
978 338
818 235
638 504
932 103
550 562
241 902
562 228
102 181
193 847
323 680
425 27
490 155
793 904
723 459
500 976
509 30
36 402
129 16
811 540
793 57
685 123
849 455
275 683
771 622
442 131
387 857
634 980
817 284
68 914
965 428
95 274
533 40
139 824
756 295
738 886
685 797
577 138
697 679
603 745
186 308
582 830
803 703
74 821
751 93
315 80
848 468
812 311
411 758
698 314
954 672
901 487
650 185
851 792
52 71
747 923
548 856
900 489
899 730
260 384
62 12
872 248
670 335
911 931
831 425
420 590
863 442
479 324
425 208
778 596
943 370
393 434
725 28
420 989
424 391
99 150
62 366
622 806
196 843
692 848
839 227
516 6
420 179
61 191
652 454
726 691
515 838
678 310
183 716
630 31
905 666
637 881
766 591
676 339
736 558
508 255
166 629
261 180
182 706
466 467
625 915
749 890
150 737
314 879
867 601
253 737
894 369
272 311
348 66
40 275
832 799
224 686
157 612
470 725
767 833
534 34
148 345
519 314
707 203
919 940
261 599
211 680
980 861
732 30
91 398
309 379
560 151
746 238
548 440
811 806
59 569
944 133
494 171
452 484
792 121
612 346
983 493
196 2
694 864
593 115
665 670
613 112
877 827
141 331
544 712
428 675
677 612
934 413
440 177
186 925
43 892
561 767
764 450
303 198
786 156
808 636
492 253
866 430
21 845
687 684
700 553
334 795
868 503
895 926
142 354
936 367
105 465
536 681
615 527
815 185
417 974
839 199
34 847
666 651
940 568
856 53
754 684
776 470
943 842
981 387
766 619
913 867
221 14
831 981
762 274
129 269
370 731
27 618
140 907
306 415
680 144
923 596
361 437
125 308
491 566
665 141
405 138
5 996
983 845
305 302
823 932
424 569
183 261
633 498
880 898
968 73
141 785
627 204
954 36
538 679
498 424
815 997
690 554
768 928
738 341
440 273
190 349
409 538
29 961
214 327
566 232
567 321
384 808
646 80
959 491
531 752
474 163
241 244
170 184
703 22
6 322
873 613
170 11
697 73
772 669
136 247
269 426
428 647
329 746
248 81
576 677
722 671
246 353
933 899
359 514
386 530
572 959
691 261
307 12
382 752
851 951
94 844
999 579
691 434
126 757
95 314
675 998
198 49
286 321
136 642
891 696
115 610
153 833
139 434
880 774
348 996
442 353
614 459
359 164
749 988
660 700
847 115
813 447
962 923
339 328
822 695
996 750
598 882
315 319
971 984
128 862
370 417
855 628
319 488
183 298
230 189
417 368
589 506
760 920
300 459
271 762
208 616
479 615
426 369
585 397
360 501
464 514
128 491
717 487
556 43
538 554
480 574
464 83
962 462
301 576
285 91
759 216
885 770
985 160
375 212
824 258
843 558
57 149
869 286
427 263
599 229
341 213
108 576
694 731
554 294
111 447
705 690
231 565
639 793
548 329
436 366
365 192
937 455
611 312
223 38
999 641
191 452
675 818
933 787
682 21
939 398
227 293
948 368
967 52
772 38
522 525
249 313
467 366
711 51
627 800
869 179
540 185
390 816
452 521
606 174
324 652
22 815
248 494
853 287
822 966
861 868
61 155
554 924
206 427
690 76
504 199
411 405
804 452
218 905
902 126
396 342
418 762
880 945
898 48
239 406
408 316
795 421
22 363
996 642
98 965
917 502
955 175
977 299
577 913
462 397
814 870
484 333
871 851
253 24
185 808
390 41
873 123
54 218
510 520
628 235
772 926
13 78
831 310
742 855
160 617
837 609
234 566
414 777
845 86
259 783
760 658
121 984
820 948
532 96
960 831
820 859
967 980
207 867
13 742
67 192
631 672
521 211
117 914
868 254
502 852
674 915
972 140
9 784
621 115
469 134
878 290
584 283
667 375
647 821
482 115
264 162
692 162
506 125
948 340
866 237
313 125
652 624
340 4
433 430
913 100
326 51
148 951
448 173
526 472
434 976
149 587
154 499
504 884
563 962
801 969
272 153
828 486
847 442
171 941
806 384
657 266
23 801
758 914
324 212
422 841
701 562
393 597
158 855
107 637
915 696
992 453
479 665
524 348
655 698
513 149
959 272
270 591
91 62
788 392
298 75
225 692
228 253
547 867
968 780
256 35
275 420
243 280
651 769
319 919
195 413
901 329
133 991
392 215
122 570
104 65
985 760
420 376
896 571
937 637
812 683
136 220
998 698
450 996
342 190
968 633
644 380
493 962
367 601
5 422
817 852
714 760
678 919
644 259
97 746
65 116
502 35
584 952
89 126
677 325
145 188
792 677
246 36
451 988
164 511
563 421
188 485
580 935
827 518
421 377
387 425
761 270
579 669
799 596
489 126
140 215
641 862
550 270
643 248
865 312
419 816
254 190
505 441
876 216
434 839
326 825
309 922
127 935
590 517
49 853
67 584
219 901
954 336
457 792
738 507
619 420
125 307
680 288
168 554
836 163
709 170
362 790
861 272
21 89
228 947
870 454
690 600
965 466
90 956
841 732
882 432
85 647
102 815
548 477
401 43
578 520
688 200
284 643
713 619
419 656
441 936
388 865
885 813
975 316
124 49
215 874
938 275
422 384
977 831
58 25
964 451
911 196
825 131
720 103
204 72
958 109
460 162
462 816
412 29
934 446
411 991
433 699
273 978
442 955
673 273
86 334
970 501
2 465
522 534
338 651
672 87
512 785
412 338
605 711
161 982
808 375
860 61
724 299
227 373
853 393
981 324
767 375
753 813
412 743
151 100
610 215
148 10
491 201
734 23
607 303
370 794
13 468
162 526
105 200
813 301
889 63
913 735
788 925
736 326
917 767
754 947
650 922
328 216
229 280
712 830
654 641
567 224
606 670
974 226
409 810
194 720
600 595
163 887
220 380
771 628
918 997
903 115
324 450
401 795
256 34
884 314
483 611
147 312
152 482
7 860
835 103
581 631
858 268
556 955
49 766
281 691
1000 810
255 813
312 87
857 509
186 995
795 563
764 404
469 112
496 178
665 443
413 454
339 604
877 36
13 820
820 388
549 834
640 546
399 23
790 596
830 885
833 55
961 250
619 514
946 366
199 862
184 589
1000 47
576 991
541 623
108 148
221 339
630 49
316 457
231 222
966 23
70 88
382 862
573 175
25 361
788 982
912 223
126 323
308 788
737 942
224 199
14 930
295 710
438 254
595 425
887 849
818 376
196 420
202 533
398 54
3 476
266 822
374 831
363 651
162 359
571 1
737 249
495 217
548 462
816 232
923 652
431 833
603 656
695 160
330 592
224 771
410 664
396 923
860 144
500 615
393 875
789 781
650 69
134 178
157 115
394 263
233 443
582 889
227 818
399 42
682 946
259 927
318 446
708 866
346 943
864 544
66 62
229 978
213 317
765 736
986 255
130 771
402 28
173 991
375 473
639 828
235 554
108 308
109 13
743 850
268 516
584 925
44 995
503 426
142 132
843 9
93 426
934 160
240 322
355 371
446 542
654 227
677 130
805 93
18 769
844 693
749 995
810 485
739 473
157 552
249 69
835 842
486 682
782 839
405 100
930 970
224 389
847 359
743 278
1000 794
620 99
688 730
646 531
552 195
109 738
240 671
773 937
904 576
581 344
599 492
914 617
168 347
442 294
775 680
226 433
455 993
766 303
568 924
2 990
371 229
172 274
983 570
675 509
128 872
720 786
662 213
225 376
903 149
528 137
413 905
823 66
36 432
718 172
774 386
290 193
353 540
564 850
637 292
364 56
54 52
941 260
687 889
67 427
987 202
100 372
626 417
363 913
881 133
366 100
172 997
466 710
65 509
57 99
534 991
214 27
221 821
368 727
631 334
9 81
554 511
848 208
721 358
373 539
906 432
670 425
199 115
459 974
9 819
28 121
749 33
1000 713
35 461
593 590
922 652
590 32
122 110
16 319
52 661
491 95
592 386
166 437
667 112
669 514
908 894
841 421
348 659
408 552
130 329
727 913
602 982
236 696
273 450
481 167
279 364
656 141
505 297
732 952
35 216
36 103
610 348
495 962
908 51
305 66
665 226
7 439
598 852
201 258
862 585
685 48
319 502
357 143
965 320
401 941
201 403
148 238
663 537
6 772
400 207
729 901
842 620
38 693
111 993
447 26
617 932
944 212
531 532
436 848
594 396
498 57
688 201
764 828
826 331
60 955
636 358
410 24
223 302
795 697
990 580
510 946
593 494
596 827
251 46
658 290
368 322
810 121
442 396
332 485
886 900
333 572
209 630
69 726
385 963
830 207
203 481
350 80
579 602
514 647
361 724
442 666
914 140
84 203
670 822
250 191
235 929
951 623
539 105
780 341
123 532
71 460
607 302
918 463
991 655
572 86
316 405
926 842
139 436
321 521
70 140
254 377
75 614
29 232
581 272
728 892
129 367
314 805
650 142
685 370
906 609
410 368
875 908
470 672
516 540
702 975
757 352
920 894
558 115
10 397
393 515
767 795
555 667
561 14
763 928
107 580
219 142
236 864
590 947
605 154
42 909
538 790
577 804
900 421
200 241
988 890
493 436
934 334
870 370
524 907
86 717
968 246
228 344
254 535
594 909
152 483
172 798
930 174
312 233
111 219
537 333
449 336
445 883
252 387
825 45
419 796
385 668
81 365
191 224
85 365
342 116
787 489
981 803
658 262
181 683
937 453
683 217
846 695
423 930
988 181
998 978
255 659
238 935
184 428
522 696
482 109
725 415
397 468
66 927
113 408
771 940
359 407
162 817
573 61
919 17
79 820
250 322
322 727
292 35
476 256
774 859
923 323
447 897
783 140
412 964
25 281
951 493
596 530
474 912
348 121
168 271
244 58
210 118
289 525
676 111
475 358
426 686
867 796
486 346
295 639
272 492
211 657
68 14
215 233
641 498
309 356
475 4
854 512
102 869
989 563
441 5
629 604
686 525
121 877
506 997
756 337
224 610
660 326
427 71
446 225
229 255
87 241
150 644
759 215
189 577
7 976
212 934
747 783
953 124
536 148
973 321
581 199
43 900
65 844
963 823
912 963
108 678
234 889
366 282
777 63
726 10
284 25
659 63
40 557
203 75
599 691
385 922
613 652
964 826
126 849
537 853
207 560
472 7
491 485
293 39
5 755
321 806
592 423
520 196
796 242
344 880
308 971
779 974
231 253
109 737
154 360
10 656
192 211
948 437
737 969
19 886
331 696
188 775
923 476
547 344
50 864
827 184
809 469
849 544
262 978
681 531
205 341
580 295
998 18
367 264
439 326
436 607
399 597
133 537
558 282
889 577
102 950
765 238
638 68
34 206
932 715
662 308
869 144
180 715
110 268
406 66
2 515
976 858
280 225
135 349
930 103
931 386
683 357
149 449
243 282
690 871
13 271
731 113
454 760
695 474
88 155
355 837
837 869
513 855
678 683
475 746
917 394
561 611
356 994
620 87
479 125
651 638
302 542
564 181
178 984
640 717
661 681
13 423
61 909
673 267
952 190
996 163
387 141
632 934
209 811
32 236
1 787
364 81
476 571
740 692
108 78
109 931
165 913
991 261
268 414
827 905
223 279
978 759
939 775
727 912
943 855
421 601
904 637
690 18
822 575
490 60
309 920
515 69
476 127
922 65
242 540
775 796
193 820
714 382
897 950
239 313
352 147
244 481
653 465
200 664
570 273
384 158
662 353
851 296
615 259
229 452
432 170
513 247
608 51
681 809
522 367
172 164
963 814
964 152
931 465
128 2
310 830
39 212
42 712
828 959
426 299
7 890
689 359
86 785
622 327
125 885
825 935
851 759
480 35
54 418
458 747
459 318
179 258
583 569
392 111
221 792
475 520
385 800
781 726
322 157
216 392
624 517
877 941
56 49
574 919
706 55
105 676
752 473
283 155
438 941
539 330
960 293
243 931
9 703
694 391
766 857
912 440
30 775
187 818
986 633
142 64
607 11
865 632
683 555
448 120
697 635
277 587
10 886
597 914
505 490
14 682
731 750
738 200
810 589
460 838
944 599
541 683
585 843
625 634
771 186
41 921
120 894
121 171
344 471
782 606
841 162
280 750
249 719
469 978
419 229
3 482
720 696
853 956
486 191
949 573
436 608
879 700
800 908
659 648
988 964
992 399
79 437
543 26
855 276
413 225
401 793
458 986
257 285
522 259
834 529
160 576
52 470
931 461
493 324
59 518
275 651
650 431
323 329
435 177
247 490
29 83
195 343
177 960
436 75
809 465
55 995
726 380
724 566
521 650
777 2
67 493
639 794
988 902
714 687
911 75
492 177
848 153
912 646
621 396
288 160
74 333
999 913
762 802
708 716
986 938
739 46
922 594
460 565
394 903
804 658
677 236
861 607
41 74
424 94
558 609
649 907
950 21
501 80
433 272
841 403
514 539
2 295
169 302
74 277
446 834
400 118
367 141
395 35
207 147
173 351
283 675
127 1000
131 887
944 706
232 692
433 67
343 704
880 948
419 48
274 885
3 433
119 953
282 280
340 534
738 417
775 868
978 112
689 227
396 147
339 470
267 85
766 19
132 861
918 788
977 296
637 286
964 50
806 789
985 553
445 687
99 915
775 10
711 904
33 353
824 596
343 4
660 314
276 179
304 541
82 750
923 940
48 418
157 192
661 208
406 92
169 754
920 86
797 272
40 66
319 124
802 390
252 49
695 497
954 829
833 548
462 588
549 810
656 975
188 202
450 92
862 464
649 410
940 399
172 545
363 610
749 652
522 891
283 742
445 152
839 296
776 507
329 679
420 586
402 173
350 783
556 590
118 379
346 638
633 610
425 101
890 371
667 185
239 898
517 454
560 349
216 13
809 24
421 322
279 100
504 776
622 516
793 556
996 126
306 949
444 148
192 165
157 941
212 168
585 946
287 216
624 152
240 657
187 441
173 323
261 978
68 431
236 741
743 246
214 768
89 805
765 742
885 353
615 56
777 938
28 872
31 91
434 531
54 1000
611 721
832 797
561 452
858 654
992 472
612 913
738 564
44 101
546 483
487 619
401 848
93 720
976 972
958 588
542 783
926 494
51 816
827 359
793 315
357 476
676 576
608 374
147 370
251 30
621 528
547 757
787 322
54 455
756 992
190 135
30 364
198 754
687 550
123 81
74 567
754 149
976 423
389 772
281 907
545 214
359 538
694 561
308 372
886 809
632 824
14 2
606 440
454 837
922 500
834 319
175 117
770 599
365 423
773 832
231 859
27 34
448 29
415 782
876 53
914 278
607 167
60 170
540 252
222 705
726 723
145 364
741 433
524 680
447 843
520 318
908 736
206 486
26 8
121 142
853 581
374 780
71 520
684 565
443 97
962 947
465 745
304 297
103 187
31 174
58 264
295 613
336 602
7 433
920 605
365 728
41 751
984 981
465 395
67 363
968 510
699 126
849 301
6 250
488 835
106 286
324 489
650 641
756 500
501 963
279 899
275 340
792 690
119 967
11 121
85 629
410 833
952 878
380 55
823 759
310 942
266 256
765 324
379 137
18 481
425 481
328 963
915 2
455 197
259 614
562 885
337 558
907 614
605 775
804 778
52 55
548 924
937 104
504 644
66 151
913 374
826 107
114 683
776 939
522 642
763 58
800 32
824 702
626 334
709 917
620 368
239 954
978 950
762 993
530 80
487 184
252 771
805 19
628 906
165 948
813 520
351 985
724 421
926 825
502 351
442 506
630 91
871 359
943 874
27 19
359 83
496 563
867 516
400 138
97 461
344 583
932 72
934 682
921 249
723 69
652 127
266 910
24 249
512 938
552 443
190 518
2 900
24 756
978 397
581 48
21 9
496 864
617 868
944 404
266 224
339 426
620 617
803 475
126 384
336 356
23 732
135 390
693 424
845 221
99 967
760 779
580 30
986 484
452 425
149 407
850 772
128 414
976 178
258 785
298 962
981 719
447 231
929 108
587 584
90 186
110 39
312 90
223 268
831 77
834 931
337 761
265 100
907 565
643 859
535 857
989 913
613 773
248 967
890 634
397 752
234 914
773 85
905 165
853 231
601 886
624 689
701 275
423 557
206 464
818 721
792 105
956 839
99 206
726 825
674 732
967 449
120 590
231 330
307 951
962 339
424 238
80 880
524 737
173 461
121 100
736 509
982 625
605 458
316 443
193 544
605 379
788 973
678 703
83 17
343 707
434 669
453 143
515 156
366 672
348 123
610 258
850 277
957 559
444 582
852 315
134 488
50 973
537 485
871 481
277 34
957 896
764 674
176 955
569 948
236 823
20 772
439 882
522 450
836 230
983 881
876 743
509 906
474 191
702 715
812 127
23 736
651 59
263 305
362 764
200 239
98 700
789 921
971 825
721 947
498 492
890 986
651 904
745 53
441 116
356 97
582 819
125 828
699 375
460 7
975 864
177 995
792 256
939 179
479 138
134 467
674 828
894 963
308 482
313 396
186 898
460 229
136 179
250 478
345 924
35 903
628 278
209 700
799 969
907 831
503 310
480 484
531 123
60 417
248 705
283 66
691 321
106 675
496 170
454 233
865 566
882 748
489 829
506 79
999 903
30 860
640 944
240 948
762 25
635 285
72 717
948 630
53 790
166 543
908 804
141 211
583 594
771 100
884 667
421 675
979 137
192 213
162 565
166 102
54 719
136 956
637 622
213 690
483 719
76 683
595 70
888 444
797 618
887 822
523 675
399 550
182 210
384 261
4 34
921 34
957 932
483 881
245 626
448 668
819 959
107 625
92 203
36 435
362 258
150 431
431 870
620 689
659 707
142 207
111 974
233 948
196 200
741 754
774 163
445 759
883 215
587 818
489 723
966 879
91 163
203 557
612 327
798 948
360 275
470 5
838 738
434 156
916 278
55 810
27 505
686 888
329 753
511 729
863 372
891 87
179 339
696 103
502 39
229 725
624 761
967 107
715 146
436 465
147 442
882 641
994 455
935 685
501 245
460 638
79 574
653 809
126 557
700 260
937 78
649 911
527 993
106 513
787 701
607 324
610 488
404 543
277 279
562 71
466 432
620 209
20 623
967 374
171 909
278 931
942 138
818 172
898 244
3 392
790 519
756 215
519 277
991 872
391 934
603 684
909 549
128 498
572 259
828 603
11 147
638 102
327 949
989 456
422 587
370 152
831 485
381 453
360 414
946 356
253 333
20 18
574 601
974 471
868 894
119 420
934 947
521 384
741 89
502 583
938 287
29 254
698 729
854 268
925 420
515 997
363 557
345 42
364 770
817 884
506 479
90 105
40 999
66 344
338 756
249 439
805 304
271 500
350 87
388 304
755 377
51 22
587 120
571 863
454 49
916 878
848 620
279 62
118 66
834 435
896 974
269 68
531 401
291 916
537 972
352 646
957 439
583 157
244 771
761 159
378 713
197 115
700 14
828 59
402 915
80 947
413 379
740 260
546 868
510 85
461 655
652 120
249 717
620 836
61 674
440 861
572 935
13 676
59 92
741 552
437 373
546 582
864 109
508 890
414 57
160 161
538 789
426 491
661 496
524 352
585 278
881 959
59 683
650 474
65 682
67 100
376 993
893 48
342 318
604 133
896 118
863 904
185 241
168 993
856 890
422 79
488 94
696 739
452 908
825 961
61 527
206 712
319 668
536 187
440 16
311 91
852 320
536 810
333 588
687 525
462 784
765 585
490 781
675 457
43 699
94 404
378 198
531 94
294 968
756 801
501 316
94 165
991 441
540 7
201 673
787 441
183 625
135 754
687 65
924 277
528 598
943 573
912 309
162 844
571 744
166 496
888 596
101 809
157 967
672 341
585 916
527 985
606 34
300 977
232 807
785 347
453 253
414 354
149 788
301 57
55 206
936 872
314 964
941 233
979 970
407 589
528 18
928 74
978 32
684 653
277 33
797 938
401 985
429 344
789 55
422 512
613 275
885 606
428 369
600 674
927 857
128 93
516 928
793 349
779 222
855 427
305 535
955 497
774 87
152 450
149 281
262 891
7 96
910 567
712 282
195 309
929 506
125 940
878 90
420 662
220 896
705 736
725 749
691 565
638 634
194 932
868 251
597 419
251 235
839 298
184 160
645 125
850 400
53 450
91 691
311 738
705 947
498 659
136 402
635 62
634 104
549 866
472 10
880 391
607 124
596 451
613 619
799 750
422 515
456 542
437 837
494 782
575 547
580 991
804 263
679 705
666 288
981 489
639 205
951 705
225 476
224 264
595 363
653 119
33 854
948 661
291 138
741 910
979 416
33 967
293 170
987 514
514 142
789 504
221 198
758 919
796 752
946 235
747 130
859 588
714 345
550 931
737 691
903 145
465 429
784 295
751 443
845 898
441 324
793 31
7 109
984 878
215 142
517 672
55 353
202 791
955 319
189 815
940 41
134 112
980 730
16 607
381 339
879 468
590 25
186 355
355 616
404 373
998 450
750 355
648 655
167 73
116 535
47 663
48 735
656 926
532 1
897 388
460 36
133 986
670 243
322 5
394 438
17 561
886 525
713 266
265 419
53 260
554 507
682 180
403 301
762 646
688 621
967 213
972 173
829 276
902 576
13 999
939 461
66 851
655 313
217 293
737 558
844 326
791 841
796 225
299 827
912 494
931 602
324 630
991 262
574 314
10 849
545 528
322 747
198 94
154 464
984 415
932 199
435 553
753 614
700 107
22 91
410 233
603 784
822 562
474 932
326 845
59 194
957 741
729 638
509 254
914 728
409 928
671 984
927 98
909 979
509 111
989 4
793 74
707 524
102 966
429 366
215 317
641 398
681 182
242 765
243 44
724 549
685 267
358 303
215 146
98 679
942 796
595 816
707 810
524 460
185 313
306 989
716 548
589 306
836 477
151 596
986 494
822 152
200 439
385 539
594 283
467 943
391 613
954 537
568 222
356 137
138 964
982 205
158 387
930 360
806 287
539 688
955 775
100 182
568 246
820 143
41 311
289 449
697 444
738 503
520 323
518 306
282 570
943 323
503 328
216 314
625 849
659 120
492 223
368 469
4 67
955 890
86 323
400 464
865 524
496 105
478 41
575 645
423 664
791 414
836 194
356 860
624 964
454 65
886 68
410 43
666 280
705 310
728 977
411 399
896 749
415 463
197 813
164 77
667 894
176 942
852 434
31 255
163 399
19 947
111 811
905 950
402 221
897 870
680 370
853 161
760 192
998 78
82 487
546 438
875 686
141 734
971 943
171 295
30 238
582 555
589 325
556 146
707 774
967 712
474 111
458 808
20 55
811 868
539 382
780 729
493 210
510 752
721 119
99 679
389 23
325 974
199 384
521 296
498 827
760 602
725 712
160 144
56 97
717 852
977 943
375 496
154 611
787 90
971 201
679 152
368 354
811 288
905 171
853 229
543 889
297 59
596 569
263 966
402 418
218 607
401 21
630 172
652 586
257 758
826 897
213 889
424 65
245 183
687 64
178 80
514 534
174 988
822 984
840 830
861 894
535 509
836 556
340 307
639 185
859 996
577 728
407 735
230 486
12 45
340 674
399 863
1 260
609 239
573 396
634 650
176 814
233 275
163 56
1 181
524 39
799 111
902 80
985 987
182 103
681 580
902 364
81 880
443 393
262 207
444 678
882 662
558 365
615 324
447 470
107 949
441 9
834 624
9 229
897 270
52 533
337 129
443 893
347 352
534 564
294 297
641 903
835 646
200 606
330 533
368 672
204 62
775 459
467 724
177 882
255 213
290 563
554 260
461 273
868 228
652 953
959 783
40 26
375 468
144 736
967 240
697 500
184 161
377 814
131 506
441 566
83 917
194 262
530 172
71 76
271 446
278 494
26 639
579 905
268 656
251 456
749 457
553 358
147 407
576 897
84 963
853 475
729 165
145 500
630 231
249 72
527 911
71 259
532 887
477 40
340 480
515 988
843 507
735 697
918 395
740 833
448 833
512 886
503 997
609 154
851 69
83 47
358 87
675 275
514 143
629 248
206 171
303 629
871 143
49 92
413 531
667 580
395 185
963 330
581 903
128 139
125 252
896 128
806 647
989 113
756 258
224 659
192 516
579 267
392 511
690 912
677 954
362 609
27 639
937 837
237 772
632 494
74 878
580 981
82 837
420 651
882 74
459 231
372 856
678 830
806 323
311 803
610 455
507 836
886 957
218 501
4 104
579 980
503 276
269 380
91 670
611 455
58 864
627 881
26 450
721 410
209 952
156 833
943 554
144 889
112 141
888 11
55 95
839 845
877 410
383 465
610 119
465 972
961 967
191 990
984 352
508 870
200 882
153 467
421 581
391 365
728 869
641 626
70 308
495 969
356 592
600 351
395 199
197 191
328 162
71 666
224 115
455 449
376 174
344 652
128 841
339 565
115 203
757 312
446 533
140 736
949 598
551 646
571 76
664 986
78 856
522 408
427 852
45 285
817 204
802 888
54 21
314 334
779 136
564 674
529 376
487 793
310 818
186 260
712 196
137 192
806 562
953 222
972 782
845 24
336 40
372 670
856 783
393 55
106 387
603 106
507 433
163 669
174 304
705 574
419 506
371 606
764 31
33 249
372 956
147 990
837 757
423 949
216 87
1000 268
892 298
216 315
52 929
240 129
517 121
829 311
579 944
511 989
222 384
498 728
113 497
294 652
282 844
528 620
840 814
533 55
273 135
700 298
898 628
193 424
400 14
245 500
31 873
35 362
199 551
45 615
214 988
748 380
914 682
55 228
554 709
629 15
689 874
796 650
802 587
540 228
202 763
223 919
701 515
7 406
176 914
567 254
22 772
115 167
775 909
79 256
618 50
76 522
223 693
495 48
832 636
798 321
604 16
605 394
148 126
388 557
773 543
409 590
105 191
177 538
590 86
461 162
191 890
933 728
147 175
630 818
160 802
803 536
326 238
128 256
979 301
599 226
158 508
808 797
19 86
21 940
117 903
85 217
748 623
415 840
612 206
939 374
178 500
299 727
598 41
468 838
562 14
770 760
401 123
19 308
423 558
743 693
728 370
484 552
364 399
421 473
78 960
820 305
490 700
684 942
517 383
939 677
725 252
840 842
434 39
334 723
24 791
683 664
653 960
134 950
268 418
568 680
163 332
115 534
865 378
850 494
487 447
44 490
71 572
753 557
135 803
597 660
379 955
88 444
197 230
714 464
534 175
589 871
227 851
27 373
599 636
712 832
881 895
898 301
480 260
656 193
254 858
534 376
577 795
530 967
379 487
585 304
750 730
698 113
935 380
466 74
836 391
531 595
972 711
424 821
501 809
281 736
711 682
18 405
950 266
147 203
631 499
759 583
596 777
685 584
337 730
428 695
657 635
582 976
808 761
721 380
151 625
523 514
881 118
922 233
512 178
485 772
238 62
166 161
830 136
714 929
951 11
893 834
536 597
352 610
840 338
62 481
692 856
435 305
871 213
779 884
869 832
306 62
805 40
511 203
205 780
648 365
922 852
596 163
31 912
892 790
163 360
255 246
611 870
457 927
580 767
712 527
178 343
162 560
457 148
248 239
637 619
300 213
763 769
129 475
965 342
234 224
396 599
346 422
855 429
628 48
573 614
903 32
979 710
614 964
395 265
713 278
253 53
91 390
176 184
570 88
823 894
183 479
354 735
581 696
621 635
638 811
986 264
405 255
792 65
223 419
150 895
980 954
911 376
159 743
164 979
77 858
406 880
981 644
723 681
809 531
556 776
316 613
62 65
337 710
284 459
786 773
45 259
668 353
887 111
651 629
414 749
623 401
271 364
240 358
540 939
286 119
319 592
89 71
298 334
877 336
576 639
188 269
743 765
784 524
919 374
65 367
139 672
875 346
658 161
74 503
335 492
140 206
918 603
184 762
149 616
921 455
313 986
724 508
653 8
502 486
675 720
73 134
809 282
258 48
649 673
529 139
111 72
746 886
906 77
895 427
474 597
372 180
524 25
926 669
909 977
141 551
549 442
755 877
138 319
894 96
381 19
491 703
846 455
266 91
608 200
293 866
721 879
774 243
668 786
6 137
962 627
604 188
162 139
716 550
350 764
622 554
389 416
7 881
780 567
785 911
328 718
537 612
168 919
78 446
778 464
893 267
994 831
309 234
275 54
842 27
859 308
143 119
185 293
795 556
209 479
156 226
194 429
605 909
752 591
420 575
250 502
900 703
481 575
613 894
355 66
731 751
15 222
237 410
521 125
498 582
308 763
347 791
97 632
459 881
596 406
189 72
563 327
213 834
730 476
383 150
221 727
919 154
944 878
197 350
651 864
472 371
71 309
847 692
64 13
581 504
709 691
66 599
770 857
588 634
776 506
101 643
62 667
446 826
291 247
370 868
634 261
227 937
529 887
508 762
953 867
195 259
793 778
481 210
79 308
547 630
432 414
710 961
586 243
415 100
689 250
510 34
132 870
116 730
7 38
546 436
713 349
716 868
689 420
432 843
452 262
436 643
538 643
379 56
215 33
645 798
464 75
512 409
159 558
74 774
423 974
475 845
901 377
895 417
227 217
542 101
48 665
600 918
929 96
223 264
170 132
997 337
927 698
848 15
80 153
942 841
253 831
716 14
253 653
294 124
463 607
817 917
861 696
723 28
277 807
792 629
852 941
818 717
375 272
30 425
442 713
867 104
192 944
486 566
560 917
511 65
717 662
645 329
633 683
872 903
877 464
109 614
992 518
511 214
974 666
259 147
297 356
886 627
212 145
31 959
141 171
274 588
956 16
794 183
98 264
303 683
698 587
883 589
295 715
810 701
775 701
540 454
784 16
16 820
757 477
372 125
154 808
390 460
823 198
883 363
115 789
918 809
172 75
615 241
927 181
90 972
570 466
673 603
774 296
388 627
461 99
63 819
432 974
233 988
896 166
698 126
975 590
314 502
480 978
893 322
786 636
553 799
440 64
282 982
125 113
643 810
436 52
700 841
57 185
610 717
964 514
100 708
26 859
407 490
246 310
91 519
223 2
192 766
342 884
354 94
118 239
688 674
541 469
50 327
929 584
236 30
296 219
562 746
448 54
981 148
697 581
184 624
900 366
633 839
5 526
390 788
452 597
383 63
259 143
939 785
248 274
32 531
438 947
348 749
538 357
775 528
796 808
286 615
420 489
81 551
651 415
174 216
983 578
657 258
226 241
511 441
956 282
671 993
819 530
1 151
55 92
813 16
715 440
768 703
868 608
980 630
381 255
368 770
609 324
210 265
980 741
765 89
723 917
765 493
292 743
974 511
150 653
159 593
306 903
381 449
717 423
314 394
671 458
506 626
488 409
621 568
483 158
781 859
138 815
273 716
167 168
881 384
499 46
829 672
545 233
549 545
307 138
938 1000
422 201
482 444
104 502
268 551
473 649
384 525
387 243
389 545
28 231
715 103
539 277
500 447
505 103
969 656
967 389
435 268
257 572
517 819
465 945
407 368
987 980
878 915
628 546
596 192
118 772
232 979
429 167
6 691
779 625
193 748
103 33
361 642
913 747
663 414
754 903
296 813
797 845
245 304
504 118
379 866
253 773
291 56
280 455
23 977
617 738
248 123
671 965
908 441
278 314
419 348
591 18
370 434
666 199
560 846
353 704
31 459
613 960
92 171
112 809
42 912
793 248
561 116
927 687
833 490
231 560
774 240
668 787
299 144
659 592
916 97
622 997
206 833
916 464
169 717
542 14
858 163
730 9
189 387
238 895
484 833
195 270
53 244
346 878
554 331
994 530
425 373
272 379
817 799
213 510
144 667
142 954
320 508
655 120
738 968
877 56
368 456
481 687
498 583
852 906
66 771
963 702
973 758
317 114
256 966
317 227
943 19
491 48
643 335
232 928
853 258
16 169
505 492
325 185
823 430
737 809
884 680
443 930
905 729
197 127
625 636
992 857
330 336
97 59
461 570
886 357
979 69
876 331
788 933
813 438
750 883
823 253
542 543
318 605
102 22
143 897
570 332
220 453
681 621
956 433
263 187
504 368
106 492
548 283
149 176
609 493
64 1000
324 458
100 273
266 463
57 450
224 605
281 522
155 103
271 995
497 148
518 592
189 566
851 665
233 658
217 821
334 235
960 859
241 619
389 165
686 837
925 19
604 32
32 423
218 137
575 119
133 160
346 336
9 914
137 165
78 166
450 804
397 747
705 82
701 445
539 526
385 951
798 573
450 855
420 931
518 684
888 779
743 695
433 552
203 386
313 710
120 531
207 458
812 792
47 125
269 19
914 200
537 771
494 886
905 539
729 255
841 405
179 218
363 73
236 473
438 549
188 20
45 765
174 995
835 999
788 859
71 425
789 101
115 585
5 971
230 266
547 468
123 934
992 869
813 265
690 468
490 126
898 9
422 692
974 449
482 650
98 470
270 943
16 826
658 649
201 370
720 814
412 567
280 895
139 4
50 601
159 201
804 273
607 719
521 828
298 623
577 872
194 524
926 100
529 525
841 819
533 205
145 772
315 635
669 328
29 894
626 922
760 32
581 486
647 74
906 64
398 555
629 726
322 715
90 158
91 203
690 232
385 576
226 622
564 442
66 654
214 247
860 573
795 614
354 394
356 332
602 100
967 860
605 475
238 872
699 726
422 83
43 778
82 812
351 88
726 124
621 106
113 339
810 203
706 488
355 234
84 308
729 57
433 596
913 194
238 565
946 266
838 260
87 784
553 500
737 631
908 850
676 502
843 367
285 171
993 508
369 740
922 850
268 64
270 257
954 765
123 253
913 782
880 839
511 599
645 735
760 285
27 664
563 890
603 953
687 383
538 4
500 911
637 730
830 473
714 325
788 716
240 447
239 290
77 387
831 750
972 960
874 15
72 29
792 358
423 360
279 772
870 418
87 76
859 927
997 403
402 692
538 760
375 881
566 26
915 782
63 682
6 461
581 567
751 123
474 213
371 583
320 755
618 653
657 724
975 31
215 718
473 411
901 449
887 137
122 946
568 200
950 566
898 917
226 852
248 772
434 425
627 596
829 272
117 750
703 299
373 660
599 394
857 223
896 484
294 788
443 586
795 785
812 849
563 365
49 70
285 719
948 305
255 289
191 741
696 313
400 150
588 895
573 13
601 878
182 186
992 975
322 790
622 916
74 215
883 663
295 505
62 844
692 707
714 391
861 212
555 905
573 320
135 869
338 115
804 148
291 59
35 294
614 263
690 367
504 486
576 330
394 864
742 91
724 946
653 458
880 720
385 204
594 98
171 319
334 153
759 846
113 620
831 480
190 504
730 725
806 678
402 664
404 446
915 763
105 337
622 334
915 810
805 691
413 804
868 970
63 40
48 767
68 754
132 759
937 567
168 712
225 969
526 515
160 136
989 903
80 191
834 968
119 118
375 488
285 768
420 569
4 952
649 37
613 892
726 53
319 737
605 828
207 418
972 205
668 246
138 693
748 804
749 509
593 529
317 113
246 25
999 629
784 618
985 159
144 969
701 235
558 588
311 421
876 23
235 921
786 299
805 29
537 983
274 727
611 194
403 934
266 711
776 825
268 441
899 105
848 655
961 928
909 128
913 837
418 637
550 690
2 124
350 446
652 230
782 545
474 900
185 719
602 610
832 802
427 518
396 129
79 156
603 542
569 930
496 870
962 691
745 289
125 95
968 771
201 439
300 65
223 694
774 322
860 133
842 648
760 785
779 940
859 17
474 107
294 438
428 424
