842 2859
553 801
114 718
246 526
138 472
84 636
175 807
646 524
459 211
577 159
139 608
281 811
363 639
146 411
169 413
188 431
192 613
390 376
323 250
499 563
775 314
446 834
268 537
254 267
276 204
189 590
136 560
563 606
639 609
359 116
701 731
295 283
575 677
320 231
431 811
766 202
511 564
593 315
168 837
615 585
617 122
175 152
784 170
343 689
570 32
538 514
192 747
49 761
688 622
510 384
161 125
700 627
324 781
98 221
638 41
105 771
680 52
492 69
419 511
26 804
688 505
120 342
108 840
394 35
602 825
145 5
145 584
535 797
220 753
99 439
424 220
201 369
277 44
280 309
9 345
355 110
671 491
33 67
380 689
290 169
705 37
348 810
667 166
723 325
32 202
838 77
677 763
123 413
224 796
801 634
184 47
519 691
367 582
460 689
281 1
392 28
201 378
611 345
404 825
759 522
389 486
83 455
620 102
50 593
141 219
456 755
252 532
457 30
758 267
335 37
620 578
490 517
750 426
518 476
81 555
503 830
379 72
488 563
145 503
46 38
276 209
652 15
48 30
436 799
330 140
518 181
276 832
388 471
337 355
518 68
496 747
123 210
450 126
197 77
219 525
625 514
455 243
453 499
522 132
117 609
297 225
409 403
65 206
177 98
234 85
549 79
568 781
823 47
739 711
316 486
194 608
245 627
694 312
15 418
218 407
255 243
510 329
276 385
670 289
834 719
564 300
178 338
306 680
625 240
58 57
364 549
564 312
305 93
490 83
519 101
319 734
736 577
94 769
367 344
774 488
817 658
778 48
817 75
597 52
639 698
652 3
181 484
789 656
7 567
107 433
290 745
520 107
242 238
133 658
139 695
565 703
445 130
363 590
289 295
364 234
275 244
514 117
120 488
562 711
750 356
587 130
348 662
496 252
574 412
522 85
23 565
11 472
620 74
736 567
787 693
238 43
559 409
246 59
728 294
323 491
127 364
461 62
743 29
763 675
364 788
78 252
441 50
831 325
447 76
378 837
17 153
309 107
220 493
167 125
818 77
213 58
553 309
95 186
260 141
354 96
265 94
194 44
103 42
532 561
628 176
667 474
568 261
486 713
791 526
573 439
504 480
162 314
327 739
303 586
668 573
715 453
11 636
106 399
168 742
61 580
778 130
316 377
11 34
393 154
178 736
268 687
235 804
622 720
422 586
757 482
322 588
416 521
394 139
823 838
607 149
756 283
776 377
244 122
618 726
324 50
734 40
455 569
248 642
524 826
655 814
231 733
733 368
68 182
471 772
771 79
349 71
121 723
360 671
839 612
769 101
382 17
149 267
232 335
394 226
811 450
759 605
761 294
49 799
48 353
770 150
588 48
259 260
549 428
81 804
759 57
45 822
814 828
506 660
624 740
112 258
479 748
407 245
135 400
105 63
158 388
566 257
651 427
488 192
74 495
539 107
668 320
229 284
375 813
126 841
196 491
161 821
442 55
634 195
270 346
471 794
384 100
275 64
645 193
741 258
814 253
105 32
566 280
533 603
678 139
114 507
417 93
627 84
3 46
208 198
66 594
70 106
761 281
737 210
369 792
721 451
353 745
559 466
451 593
362 777
515 24
20 268
408 113
282 800
726 153
269 230
171 434
447 1
552 418
827 248
204 793
331 386
144 538
252 731
815 147
625 410
24 223
691 211
503 458
56 699
515 192
537 44
519 569
712 463
319 825
822 746
714 419
1 833
480 21
777 1
7 378
301 89
836 431
820 97
841 489
324 347
253 363
805 14
3 467
778 701
636 217
244 458
704 46
615 119
563 600
838 89
326 726
97 75
658 502
426 41
814 348
674 358
303 535
253 499
272 201
510 514
757 456
316 552
278 49
796 660
582 237
487 220
17 208
328 240
226 326
154 411
462 720
191 50
233 181
74 780
365 326
455 531
206 538
613 410
650 660
99 102
530 212
736 234
54 739
203 699
388 543
530 301
162 622
417 121
510 660
316 451
136 681
638 223
138 223
235 362
643 518
14 569
515 673
476 579
666 575
149 201
577 104
644 178
363 620
36 747
459 81
611 556
377 568
381 403
752 33
827 4
556 592
158 287
601 316
819 501
786 512
736 90
740 207
723 324
726 302
216 152
74 346
57 258
313 726
209 402
249 208
375 37
821 32
144 489
277 520
386 298
207 796
189 289
177 746
141 73
14 745
642 27
695 775
554 425
458 258
577 387
423 576
210 684
634 513
197 91
181 67
643 84
369 483
647 817
155 552
274 707
618 29
67 273
433 593
731 413
589 833
323 757
253 407
41 165
546 519
261 192
96 24
352 333
78 774
674 719
672 203
563 89
472 97
453 412
255 245
131 270
491 739
315 160
685 556
627 550
748 314
294 486
291 139
438 814
184 825
497 56
301 30
397 693
206 798
63 179
302 530
377 6
701 672
756 243
39 721
320 840
318 455
764 710
374 798
275 16
96 142
371 465
178 774
111 389
242 811
45 566
691 521
374 631
141 430
364 807
715 789
131 2
369 255
296 681
151 78
372 521
606 120
754 695
34 340
487 530
386 675
704 31
372 815
160 674
200 825
530 156
207 835
501 546
784 118
823 143
510 158
707 654
390 334
598 404
426 657
89 644
342 726
152 378
111 766
648 202
102 740
555 257
139 404
102 536
76 758
350 550
796 574
484 275
194 210
602 215
452 305
129 677
789 175
112 709
602 691
632 721
526 440
787 588
358 421
365 712
442 487
78 425
409 841
764 152
797 784
620 66
395 426
380 145
350 553
723 644
407 233
651 640
481 810
766 767
512 202
288 351
59 45
402 427
630 736
465 271
389 228
264 472
763 372
432 772
365 560
385 47
223 524
760 163
704 752
65 284
260 306
656 430
654 681
549 727
414 728
456 655
637 13
169 155
759 767
118 795
376 358
467 474
162 426
678 579
200 542
578 303
579 26
482 622
249 841
784 519
507 602
736 768
842 619
112 511
597 29
568 834
165 374
407 627
345 415
71 475
827 76
166 565
223 81
815 710
231 17
235 772
126 313
200 112
22 547
167 195
560 357
118 216
536 58
710 65
397 634
201 668
662 627
6 141
438 236
778 832
49 592
301 575
1 344
19 169
791 543
834 126
747 349
820 61
798 424
476 763
809 255
704 392
62 749
46 683
621 55
289 249
471 796
789 700
795 691
781 263
397 62
166 325
830 411
155 641
412 733
289 621
159 430
597 532
807 370
701 53
556 485
834 652
446 222
391 715
262 753
4 646
472 57
239 342
39 85
812 347
686 275
173 377
547 75
839 121
661 394
96 740
651 684
672 535
297 378
731 474
783 781
272 682
834 394
798 235
839 336
349 224
752 15
514 472
482 487
379 112
800 373
640 116
64 579
123 501
258 682
538 404
564 467
591 155
519 398
506 278
602 803
508 758
472 463
145 31
129 808
720 64
187 43
335 292
816 46
564 241
472 382
171 639
704 723
320 461
600 122
449 239
231 164
266 263
624 64
146 764
787 630
493 211
534 555
496 723
6 400
745 721
746 8
54 91
537 51
742 289
193 147
69 59
126 531
508 186
662 543
258 410
226 656
9 110
711 292
746 280
674 479
714 685
400 836
606 168
291 478
14 552
704 810
281 212
691 170
246 286
160 125
659 811
683 420
280 551
561 61
379 614
147 726
593 634
279 839
374 85
550 104
788 483
702 551
153 121
10 111
235 571
789 775
704 801
281 528
727 95
838 454
456 779
554 76
349 11
795 743
336 699
334 90
708 419
50 351
783 752
331 267
792 744
371 412
703 39
746 816
505 793
385 425
153 66
800 5
172 700
447 63
213 408
709 181
293 584
641 152
495 291
319 113
379 647
369 827
225 449
689 114
468 524
815 112
201 424
179 768
633 122
171 684
587 18
700 339
611 559
353 376
136 141
90 694
519 144
351 87
522 705
209 247
772 572
9 262
545 494
17 597
398 506
184 66
645 278
480 829
500 763
748 143
380 350
401 764
437 641
440 155
156 320
740 46
207 330
119 500
780 223
568 72
712 765
34 591
563 389
700 473
404 654
300 116
628 170
841 277
660 33
51 738
476 675
457 599
294 291
331 567
481 723
758 679
562 540
601 194
640 514
146 362
534 195
38 489
762 352
214 101
362 18
418 205
610 694
135 157
264 389
466 577
722 172
453 837
350 675
712 69
314 509
816 484
391 68
288 650
810 515
767 105
810 179
57 275
348 278
775 115
251 447
70 346
799 629
406 503
265 258
603 409
751 1
757 293
613 699
62 179
49 283
781 42
140 182
68 683
126 838
570 376
56 360
511 776
241 201
117 252
751 296
809 548
661 459
250 149
547 556
345 529
418 786
754 152
249 654
602 484
505 628
17 791
180 325
698 390
376 338
691 294
672 820
762 181
731 114
417 347
566 569
787 686
46 184
292 525
294 793
832 69
461 509
317 88
606 79
649 152
623 177
300 391
11 809
451 446
324 176
490 655
270 140
404 421
481 541
607 545
742 688
158 140
253 274
379 703
793 797
540 278
245 579
138 661
46 426
223 478
5 136
65 504
746 766
505 241
573 331
100 726
690 562
158 100
731 162
658 254
520 395
661 147
122 559
496 299
740 457
78 752
87 610
453 825
475 785
632 396
602 409
35 335
1 419
476 203
749 789
498 344
650 685
247 418
214 612
783 808
572 480
495 389
713 613
10 95
502 788
428 655
17 7
455 102
332 806
243 696
616 627
251 133
180 338
38 37
97 162
387 840
545 666
824 816
827 423
795 676
44 75
281 834
763 706
128 545
682 798
421 389
222 629
188 829
136 267
817 737
274 745
832 840
559 80
302 566
637 38
30 609
625 667
327 33
111 788
645 619
598 544
321 389
428 607
749 8
733 334
224 92
58 115
792 202
244 752
501 660
323 566
752 766
575 550
773 238
42 120
443 714
250 176
413 132
753 228
202 63
668 331
208 219
107 768
769 261
121 617
229 712
655 492
399 119
661 384
19 829
618 282
209 321
337 660
617 777
564 381
213 265
70 544
839 474
808 807
337 399
676 72
344 753
457 483
494 88
222 758
448 249
687 742
191 24
765 483
383 458
683 775
773 580
61 338
564 469
261 786
659 315
706 365
553 279
823 628
457 221
719 840
832 458
813 243
483 528
213 760
416 252
180 77
734 481
72 471
541 84
230 512
413 555
547 329
453 314
223 611
80 653
819 585
755 839
186 828
831 570
78 838
283 772
200 710
714 87
115 604
509 559
644 702
23 734
376 498
502 141
177 199
693 438
222 593
226 662
278 839
482 185
513 65
253 336
38 548
65 420
832 239
411 626
656 386
373 399
368 506
657 421
252 415
15 493
398 287
99 511
113 266
739 42
5 658
597 72
579 565
356 762
710 473
359 261
413 290
415 5
225 557
695 652
554 288
795 306
206 822
465 709
230 71
638 789
396 224
454 426
535 375
459 576
833 677
678 722
796 833
428 94
838 460
584 244
219 700
164 606
454 453
354 627
773 633
84 639
381 203
364 5
57 603
829 461
704 95
470 561
361 167
659 191
551 117
148 3
629 27
413 97
287 600
643 62
572 256
754 671
756 772
243 308
405 525
139 401
764 677
50 22
88 157
309 758
475 146
369 769
722 775
517 134
567 123
825 439
424 441
723 703
192 378
321 236
730 445
680 650
717 315
185 154
147 288
455 14
151 47
195 612
773 459
97 300
134 188
174 562
127 708
769 136
540 561
609 457
665 79
614 90
815 303
412 274
219 238
403 593
558 519
360 328
658 169
513 743
476 460
648 495
118 500
264 67
120 456
768 569
489 840
334 460
301 284
794 453
635 516
507 828
735 252
480 213
150 408
392 748
266 141
251 601
677 307
515 680
58 837
555 513
629 840
187 478
723 128
189 121
407 38
729 535
288 406
111 34
648 833
350 436
44 332
187 764
745 60
746 271
584 563
235 443
509 184
256 137
275 407
757 231
387 475
462 118
800 568
677 784
344 796
787 304
254 244
638 30
115 603
723 335
692 371
584 785
380 231
456 325
438 414
81 552
698 678
230 395
507 236
54 174
420 749
439 156
577 489
480 639
228 696
778 768
734 65
607 221
355 129
748 421
677 340
327 837
237 349
332 234
631 13
375 132
124 735
506 142
736 404
112 478
58 61
717 387
280 698
187 93
832 161
299 657
79 768
805 210
663 643
672 830
838 593
544 396
770 721
509 59
420 572
475 698
666 347
560 746
23 657
561 74
561 541
378 92
620 691
682 827
189 814
100 351
571 347
554 842
204 583
175 489
247 244
466 560
750 352
16 751
118 572
553 114
556 566
261 131
194 166
376 701
195 387
756 300
697 197
550 165
384 363
114 81
739 21
7 101
229 469
341 337
14 425
414 562
515 644
769 705
536 244
404 319
834 572
82 313
66 31
356 690
469 331
566 464
609 712
438 274
168 786
540 827
722 690
445 185
156 12
835 804
158 141
676 480
822 323
53 436
317 751
38 615
280 283
301 763
624 763
270 378
239 745
266 539
663 518
444 275
747 74
428 429
810 307
351 742
245 297
428 324
417 522
586 608
71 342
40 613
332 501
575 395
586 365
161 763
553 124
379 472
446 269
36 426
795 686
499 669
209 222
84 340
371 338
487 452
201 43
355 561
579 164
53 277
573 812
482 449
707 264
30 639
278 94
372 663
106 394
289 698
757 515
268 20
317 557
247 442
176 212
659 737
200 623
76 629
138 463
544 815
528 451
713 73
783 463
139 446
609 40
222 202
194 452
343 371
695 389
751 728
514 313
607 754
593 199
101 254
281 358
407 823
835 30
690 775
177 277
12 799
820 716
346 554
152 245
613 552
617 346
429 479
216 541
659 157
751 340
791 258
23 457
283 36
99 675
108 839
560 344
551 40
721 559
115 808
441 765
341 627
262 359
779 331
104 321
70 127
397 229
607 300
277 447
386 387
317 3
229 353
567 594
805 318
36 455
385 217
464 387
22 278
544 715
840 404
158 395
696 355
438 326
110 825
337 548
165 821
405 462
360 835
35 524
432 463
200 748
235 86
686 166
808 155
495 769
704 385
371 703
599 127
327 781
535 642
829 417
206 623
155 94
84 360
195 167
69 508
489 390
605 133
218 754
735 518
110 736
478 160
481 396
279 49
335 148
103 216
223 610
647 755
247 376
469 532
509 114
383 521
832 541
424 139
351 592
209 756
249 327
548 281
217 225
254 357
823 588
220 378
809 376
792 288
226 548
686 395
617 333
28 646
124 203
140 482
520 63
431 735
10 123
392 607
473 170
432 404
623 783
646 595
670 483
322 77
660 701
755 130
577 233
426 154
320 649
71 457
838 101
725 46
402 364
224 717
298 429
644 807
195 149
730 127
693 815
240 601
339 808
68 359
340 524
667 206
323 782
20 63
356 119
12 286
273 189
362 802
475 835
810 233
370 458
483 697
781 472
68 46
641 170
313 704
444 475
423 89
605 549
494 144
243 765
396 152
126 619
822 196
818 744
293 730
248 501
637 656
193 809
656 497
676 295
788 662
165 235
755 144
426 791
135 89
376 409
727 387
468 519
175 509
269 840
695 161
436 402
627 330
311 205
812 131
152 660
175 610
88 444
271 734
3 437
647 83
686 527
528 591
750 322
324 769
117 570
408 178
688 159
135 193
836 645
525 377
253 160
507 609
4 729
574 48
829 505
227 354
526 578
23 95
159 683
640 648
150 625
86 489
66 33
286 81
307 743
591 87
205 724
192 631
427 45
323 665
46 238
710 402
367 682
23 105
353 57
431 73
535 583
511 170
793 727
226 592
10 747
840 598
420 656
152 45
354 396
137 114
216 469
179 195
471 452
645 357
129 771
774 616
439 618
558 638
647 524
83 346
49 33
350 687
508 386
803 786
346 715
274 553
29 729
758 522
414 506
91 283
751 98
127 585
386 30
78 504
484 378
394 411
158 641
374 632
734 610
627 242
295 580
759 622
724 806
481 623
714 601
805 185
705 509
566 340
699 629
495 99
704 179
158 700
532 748
345 193
550 397
368 302
301 172
275 198
566 630
567 380
625 477
312 304
275 420
648 276
429 754
47 199
564 83
285 3
529 602
54 167
142 233
769 235
57 535
225 483
578 179
634 468
219 172
68 111
489 438
622 824
368 155
802 539
552 470
606 236
54 185
378 270
238 688
595 80
5 625
634 253
357 535
123 461
362 622
589 157
50 152
811 728
421 705
231 238
698 641
386 702
794 770
209 354
9 669
411 682
269 503
103 48
17 567
287 756
713 590
429 699
41 12
337 710
285 499
768 280
257 548
171 51
294 52
173 829
301 158
157 185
30 441
804 318
387 755
366 747
221 412
530 123
601 179
447 208
38 440
477 163
153 674
99 743
453 147
526 552
286 603
84 458
40 243
375 3
503 206
89 174
236 605
661 588
259 817
539 131
116 59
208 812
409 362
13 88
354 576
810 786
834 131
211 163
576 602
586 509
491 300
797 520
483 758
355 269
88 453
659 731
308 32
311 590
812 75
651 79
707 378
618 502
621 833
840 463
785 434
469 825
584 163
687 725
65 174
249 108
656 630
514 470
750 175
36 323
147 141
222 260
424 144
97 363
336 749
410 568
386 152
658 460
808 54
511 814
116 800
817 33
641 586
381 132
271 165
312 501
534 288
565 238
263 378
670 718
53 578
567 158
550 629
618 172
699 439
444 219
232 518
693 370
196 525
275 530
371 125
547 661
740 652
255 152
735 55
699 574
222 414
155 540
820 685
394 424
692 582
234 350
73 1
399 290
740 686
128 530
303 381
786 306
127 148
96 93
303 187
333 491
504 648
179 432
786 325
627 507
404 298
587 705
142 799
266 250
138 695
45 235
643 430
347 416
112 145
773 799
244 355
176 195
506 188
98 276
755 460
645 215
111 695
265 343
509 120
354 145
814 235
729 446
767 82
532 610
2 126
403 123
633 551
465 3
526 64
710 635
56 544
551 72
737 447
816 485
409 17
323 695
767 719
769 484
203 183
18 376
49 781
623 443
718 650
609 598
60 395
245 567
413 438
34 15
198 377
751 615
592 308
498 373
84 813
485 73
161 438
74 394
275 263
39 429
669 427
580 589
569 820
611 206
152 489
27 346
373 15
66 307
603 533
454 682
811 544
560 731
81 470
501 709
396 202
263 636
658 245
2 701
406 202
540 606
355 343
122 637
426 757
416 816
628 297
20 390
773 667
776 177
246 159
15 798
343 229
679 154
639 619
739 266
353 219
544 359
47 737
526 827
711 702
89 14
791 763
201 466
516 671
650 34
462 636
447 232
32 623
752 329
823 299
808 459
351 332
405 740
561 131
579 572
728 226
582 539
566 810
698 563
463 378
771 805
612 554
5 95
596 281
276 742
406 70
375 376
584 623
184 690
737 773
831 595
193 241
365 798
168 358
769 73
465 676
583 416
569 68
735 467
75 834
738 459
314 380
523 280
407 590
284 596
673 486
358 56
512 511
463 83
19 651
654 560
226 349
251 792
581 546
269 292
839 193
509 576
512 738
831 23
272 286
159 682
532 208
435 616
519 495
598 719
488 714
305 52
267 765
489 362
111 39
521 543
520 529
703 190
300 668
51 840
175 731
437 123
534 127
98 427
707 117
563 514
583 805
179 483
613 542
566 718
785 669
737 356
349 395
647 766
528 500
674 824
782 521
720 465
560 106
724 355
227 673
783 766
346 159
181 649
481 615
208 729
692 715
55 511
810 519
247 450
657 376
640 464
806 461
165 475
347 488
257 477
82 330
617 282
654 234
710 584
589 281
58 163
630 489
131 766
26 674
576 336
600 802
161 733
185 617
184 735
95 395
407 634
820 599
130 96
405 500
816 729
265 37
112 11
592 261
495 98
637 618
431 257
568 366
825 206
307 30
510 549
117 423
154 761
104 377
801 181
343 805
345 446
786 364
149 604
563 50
46 204
581 591
730 324
349 720
416 206
552 64
769 718
147 78
537 731
232 337
712 646
15 656
714 508
717 470
261 190
717 684
227 237
248 102
212 671
51 283
586 818
787 578
664 600
828 174
774 493
354 248
245 583
836 267
73 155
55 458
495 3
206 409
152 773
135 434
512 651
380 270
533 560
305 47
796 594
466 77
249 811
12 526
785 485
434 687
218 320
770 53
242 378
172 657
365 128
330 162
354 243
637 360
63 50
48 713
32 568
288 237
570 834
808 73
129 520
98 313
29 379
213 370
582 464
129 246
326 220
342 626
111 658
207 709
524 424
139 560
11 327
434 419
713 609
235 380
220 490
592 195
166 106
738 619
672 837
344 396
87 748
74 285
401 59
178 773
477 231
66 111
836 66
412 7
780 53
697 439
683 587
133 784
686 147
2 227
755 163
167 554
314 106
811 344
260 575
66 439
636 728
71 756
288 251
288 672
570 283
736 474
2 146
645 530
518 609
170 166
713 362
687 810
176 214
412 769
471 1
36 149
644 450
591 304
306 66
234 487
102 694
70 122
290 292
757 665
739 162
194 136
216 624
250 835
435 754
167 743
240 272
336 815
598 671
490 607
215 723
515 185
516 73
81 309
153 549
814 103
784 641
596 661
785 88
90 363
329 292
705 173
55 716
186 208
539 105
522 227
243 651
210 737
501 435
505 491
35 835
452 115
182 603
418 360
792 538
362 40
776 500
388 429
427 823
815 262
602 369
674 10
700 710
8 323
333 791
212 408
433 32
642 436
478 191
802 251
714 634
759 593
49 779
356 401
670 840
32 39
633 11
458 692
366 21
115 160
62 327
119 295
653 502
361 749
712 323
287 840
823 479
73 756
394 280
345 150
199 30
31 311
162 34
53 689
755 97
192 534
483 610
693 475
126 9
71 301
571 140
57 441
809 92
817 346
779 379
356 67
466 178
70 666
750 279
734 717
327 9
790 276
791 670
614 616
746 13
72 84
536 184
773 768
376 102
779 89
527 441
304 302
558 53
686 71
356 304
323 703
713 107
613 563
356 74
177 617
548 179
588 397
183 200
95 687
3 638
99 127
602 330
753 347
662 286
313 266
96 758
155 763
29 659
346 265
110 358
664 584
133 160
172 714
799 670
156 652
655 47
737 118
582 573
686 616
582 707
473 238
825 385
792 129
260 180
563 607
124 100
510 436
203 386
633 569
82 359
822 43
217 613
52 596
415 502
114 368
724 316
7 842
840 809
501 69
241 741
459 369
445 105
321 368
618 742
654 103
267 163
14 454
624 193
628 649
77 200
187 383
425 306
697 222
333 820
197 228
8 688
327 463
625 394
535 220
101 83
138 632
362 513
533 422
699 647
349 564
685 683
563 402
160 2
571 25
761 525
425 560
68 117
531 810
215 813
331 327
478 591
135 794
48 457
736 369
419 63
204 606
445 324
491 237
375 472
655 591
113 646
332 731
367 692
301 261
200 657
624 96
678 397
348 602
259 346
288 218
578 164
834 785
484 381
71 556
256 792
773 146
371 536
335 518
301 39
471 525
256 29
421 323
170 8
775 142
834 582
467 582
105 130
532 318
609 530
593 771
667 587
372 680
269 341
273 591
76 148
167 736
169 193
193 526
13 645
303 577
159 332
145 675
826 75
37 800
3 720
704 190
464 248
649 26
397 66
699 373
257 154
728 325
660 439
816 439
86 167
587 149
220 588
611 324
383 327
300 546
9 768
318 562
89 549
219 658
91 652
537 569
21 67
478 92
151 277
392 669
16 350
341 761
202 130
547 56
684 591
795 628
478 544
121 664
638 258
422 571
55 46
239 104
576 511
8 401
391 793
708 161
466 703
172 409
525 806
164 611
738 133
25 342
291 563
838 786
13 834
233 609
769 177
831 460
500 103
447 503
837 96
840 763
590 795
725 373
526 435
710 188
38 52
685 61
558 437
709 337
725 486
357 705
162 410
381 6
74 744
748 812
94 239
22 536
225 55
31 785
267 640
453 207
383 247
684 573
259 455
372 49
335 175
187 777
696 306
170 492
635 295
377 736
656 634
753 77
202 45
519 89
376 786
393 468
35 823
588 460
456 277
696 385
6 770
372 326
140 455
412 780
696 789
90 492
620 213
388 582
154 314
727 758
486 767
804 795
741 566
578 108
361 442
469 628
735 178
21 673
709 825
209 660
708 762
624 78
537 533
39 61
479 767
334 733
82 407
391 366
272 254
621 547
372 7
320 624
817 345
620 400
465 406
185 249
312 418
205 737
178 14
273 481
256 358
740 323
815 708
597 218
502 511
285 229
547 750
89 87
591 220
308 759
290 838
211 70
8 769
444 316
376 474
546 257
340 810
569 608
179 569
128 549
200 658
614 87
740 673
687 623
561 655
67 568
710 265
748 212
56 184
397 152
111 534
436 149
661 161
784 171
596 683
283 648
447 120
767 675
747 29
437 621
243 511
611 657
444 299
672 687
766 643
614 751
569 435
698 675
716 211
22 105
655 250
152 685
560 282
100 35
211 32
244 713
729 547
431 137
699 256
153 548
393 278
693 797
15 769
767 731
506 558
370 594
229 285
161 89
30 411
237 408
827 88
187 249
813 101
471 380
608 548
491 687
354 250
95 704
741 259
649 730
379 462
507 56
808 352
478 188
393 27
707 339
449 572
12 157
287 21
19 616
719 507
773 100
315 635
635 149
526 755
285 95
656 743
208 492
15 556
53 84
58 724
404 568
721 138
410 642
468 455
640 400
660 294
239 51
127 285
388 545
284 382
391 686
82 734
83 148
384 339
21 349
114 785
283 292
89 2
514 440
491 370
770 814
786 101
330 201
811 557
593 837
524 716
706 435
411 750
411 85
530 536
521 656
760 493
23 815
137 671
533 437
493 428
415 117
666 488
150 731
136 299
413 107
162 823
329 651
26 749
672 369
245 653
525 128
